882
43 127 44 4436 4518
44 126 127 4518 4517
45 125 126 4517 4516
46 124 125 4516 4515
47 123 124 4515 4514
48 122 123 4514 4513
49 121 122 4513 4512
50 120 121 4512 4511
51 119 120 4511 4510
52 118 119 4510 4509
53 117 118 4509 4508
54 116 117 4508 4507
55 115 116 4507 4506
56 114 115 4506 4505
57 113 114 4505 4504
58 112 113 4504 4503
59 111 112 4503 4502
60 110 111 4502 4501
61 109 110 4501 4500
62 108 109 4500 4499
63 107 108 4499 4498
64 106 107 4498 4497
65 105 106 4497 4496
66 104 105 4496 4495
67 103 104 4495 4494
68 102 103 4494 4493
69 101 102 4493 4492
70 100 101 4492 4491
71 99 100 4491 4490
72 98 99 4490 4489
73 97 98 4489 4488
74 96 97 4488 4487
75 95 96 4487 4486
76 94 95 4486 4485
77 93 94 4485 4484
78 92 93 4484 4483
79 91 92 4483 4482
80 90 91 4482 4481
81 89 90 4481 4480
82 88 89 4480 4479
83 87 88 4479 4478
84 86 87 4478 3554
1815 4518 4436 4435 4559
1816 4517 4518 4559 4558
1817 4516 4517 4558 4557
1818 4515 4516 4557 4556
1819 4514 4515 4556 4555
1820 4513 4514 4555 4554
1821 4512 4513 4554 4553
1822 4511 4512 4553 4552
1823 4510 4511 4552 4551
1824 4509 4510 4551 4550
1825 4508 4509 4550 4549
1826 4507 4508 4549 4548
1827 4506 4507 4548 4547
1828 4505 4506 4547 4546
1829 4504 4505 4546 4545
1830 4503 4504 4545 4544
1831 4502 4503 4544 4543
1832 4501 4502 4543 4542
1833 4500 4501 4542 4541
1834 4499 4500 4541 4540
1835 4498 4499 4540 4539
1836 4497 4498 4539 4538
1837 4496 4497 4538 4537
1838 4495 4496 4537 4536
1839 4494 4495 4536 4535
1840 4493 4494 4535 4534
1841 4492 4493 4534 4533
1842 4491 4492 4533 4532
1843 4490 4491 4532 4531
1844 4489 4490 4531 4530
1845 4488 4489 4530 4529
1846 4487 4488 4529 4528
1847 4486 4487 4528 4527
1848 4485 4486 4527 4526
1849 4484 4485 4526 4525
1850 4483 4484 4525 4524
1851 4482 4483 4524 4523
1852 4481 4482 4523 4522
1853 4480 4481 4522 4521
1854 4479 4480 4521 4520
1855 4478 4479 4520 4519
1856 3554 4478 4519 3553
3587 4559 4435 4434 4600
3588 4558 4559 4600 4599
3589 4557 4558 4599 4598
3590 4556 4557 4598 4597
3591 4555 4556 4597 4596
3592 4554 4555 4596 4595
3593 4553 4554 4595 4594
3594 4552 4553 4594 4593
3595 4551 4552 4593 4592
3596 4550 4551 4592 4591
3597 4549 4550 4591 4590
3598 4548 4549 4590 4589
3599 4547 4548 4589 4588
3600 4546 4547 4588 4587
3601 4545 4546 4587 4586
3602 4544 4545 4586 4585
3603 4543 4544 4585 4584
3604 4542 4543 4584 4583
3605 4541 4542 4583 4582
3606 4540 4541 4582 4581
3607 4539 4540 4581 4580
3608 4538 4539 4580 4579
3609 4537 4538 4579 4578
3610 4536 4537 4578 4577
3611 4535 4536 4577 4576
3612 4534 4535 4576 4575
3613 4533 4534 4575 4574
3614 4532 4533 4574 4573
3615 4531 4532 4573 4572
3616 4530 4531 4572 4571
3617 4529 4530 4571 4570
3618 4528 4529 4570 4569
3619 4527 4528 4569 4568
3620 4526 4527 4568 4567
3621 4525 4526 4567 4566
3622 4524 4525 4566 4565
3623 4523 4524 4565 4564
3624 4522 4523 4564 4563
3625 4521 4522 4563 4562
3626 4520 4521 4562 4561
3627 4519 4520 4561 4560
3628 3553 4519 4560 3552
5359 4600 4434 4433 4641
5360 4599 4600 4641 4640
5361 4598 4599 4640 4639
5362 4597 4598 4639 4638
5363 4596 4597 4638 4637
5364 4595 4596 4637 4636
5365 4594 4595 4636 4635
5366 4593 4594 4635 4634
5367 4592 4593 4634 4633
5368 4591 4592 4633 4632
5369 4590 4591 4632 4631
5370 4589 4590 4631 4630
5371 4588 4589 4630 4629
5372 4587 4588 4629 4628
5373 4586 4587 4628 4627
5374 4585 4586 4627 4626
5375 4584 4585 4626 4625
5376 4583 4584 4625 4624
5377 4582 4583 4624 4623
5378 4581 4582 4623 4622
5379 4580 4581 4622 4621
5380 4579 4580 4621 4620
5381 4578 4579 4620 4619
5382 4577 4578 4619 4618
5383 4576 4577 4618 4617
5384 4575 4576 4617 4616
5385 4574 4575 4616 4615
5386 4573 4574 4615 4614
5387 4572 4573 4614 4613
5388 4571 4572 4613 4612
5389 4570 4571 4612 4611
5390 4569 4570 4611 4610
5391 4568 4569 4610 4609
5392 4567 4568 4609 4608
5393 4566 4567 4608 4607
5394 4565 4566 4607 4606
5395 4564 4565 4606 4605
5396 4563 4564 4605 4604
5397 4562 4563 4604 4603
5398 4561 4562 4603 4602
5399 4560 4561 4602 4601
5400 3552 4560 4601 3551
7131 4641 4433 4432 4682
7132 4640 4641 4682 4681
7133 4639 4640 4681 4680
7134 4638 4639 4680 4679
7135 4637 4638 4679 4678
7136 4636 4637 4678 4677
7137 4635 4636 4677 4676
7138 4634 4635 4676 4675
7139 4633 4634 4675 4674
7140 4632 4633 4674 4673
7141 4631 4632 4673 4672
7142 4630 4631 4672 4671
7143 4629 4630 4671 4670
7144 4628 4629 4670 4669
7145 4627 4628 4669 4668
7146 4626 4627 4668 4667
7147 4625 4626 4667 4666
7148 4624 4625 4666 4665
7149 4623 4624 4665 4664
7150 4622 4623 4664 4663
7151 4621 4622 4663 4662
7152 4620 4621 4662 4661
7153 4619 4620 4661 4660
7154 4618 4619 4660 4659
7155 4617 4618 4659 4658
7156 4616 4617 4658 4657
7157 4615 4616 4657 4656
7158 4614 4615 4656 4655
7159 4613 4614 4655 4654
7160 4612 4613 4654 4653
7161 4611 4612 4653 4652
7162 4610 4611 4652 4651
7163 4609 4610 4651 4650
7164 4608 4609 4650 4649
7165 4607 4608 4649 4648
7166 4606 4607 4648 4647
7167 4605 4606 4647 4646
7168 4604 4605 4646 4645
7169 4603 4604 4645 4644
7170 4602 4603 4644 4643
7171 4601 4602 4643 4642
7172 3551 4601 4642 3550
8903 4682 4432 4431 4723
8904 4681 4682 4723 4722
8905 4680 4681 4722 4721
8906 4679 4680 4721 4720
8907 4678 4679 4720 4719
8908 4677 4678 4719 4718
8909 4676 4677 4718 4717
8910 4675 4676 4717 4716
8911 4674 4675 4716 4715
8912 4673 4674 4715 4714
8913 4672 4673 4714 4713
8914 4671 4672 4713 4712
8915 4670 4671 4712 4711
8916 4669 4670 4711 4710
8917 4668 4669 4710 4709
8918 4667 4668 4709 4708
8919 4666 4667 4708 4707
8920 4665 4666 4707 4706
8921 4664 4665 4706 4705
8922 4663 4664 4705 4704
8923 4662 4663 4704 4703
8924 4661 4662 4703 4702
8925 4660 4661 4702 4701
8926 4659 4660 4701 4700
8927 4658 4659 4700 4699
8928 4657 4658 4699 4698
8929 4656 4657 4698 4697
8930 4655 4656 4697 4696
8931 4654 4655 4696 4695
8932 4653 4654 4695 4694
8933 4652 4653 4694 4693
8934 4651 4652 4693 4692
8935 4650 4651 4692 4691
8936 4649 4650 4691 4690
8937 4648 4649 4690 4689
8938 4647 4648 4689 4688
8939 4646 4647 4688 4687
8940 4645 4646 4687 4686
8941 4644 4645 4686 4685
8942 4643 4644 4685 4684
8943 4642 4643 4684 4683
8944 3550 4642 4683 3549
10675 4723 4431 4430 4764
10676 4722 4723 4764 4763
10677 4721 4722 4763 4762
10678 4720 4721 4762 4761
10679 4719 4720 4761 4760
10680 4718 4719 4760 4759
10681 4717 4718 4759 4758
10682 4716 4717 4758 4757
10683 4715 4716 4757 4756
10684 4714 4715 4756 4755
10685 4713 4714 4755 4754
10686 4712 4713 4754 4753
10687 4711 4712 4753 4752
10688 4710 4711 4752 4751
10689 4709 4710 4751 4750
10690 4708 4709 4750 4749
10691 4707 4708 4749 4748
10692 4706 4707 4748 4747
10693 4705 4706 4747 4746
10694 4704 4705 4746 4745
10695 4703 4704 4745 4744
10696 4702 4703 4744 4743
10697 4701 4702 4743 4742
10698 4700 4701 4742 4741
10699 4699 4700 4741 4740
10700 4698 4699 4740 4739
10701 4697 4698 4739 4738
10702 4696 4697 4738 4737
10703 4695 4696 4737 4736
10704 4694 4695 4736 4735
10705 4693 4694 4735 4734
10706 4692 4693 4734 4733
10707 4691 4692 4733 4732
10708 4690 4691 4732 4731
10709 4689 4690 4731 4730
10710 4688 4689 4730 4729
10711 4687 4688 4729 4728
10712 4686 4687 4728 4727
10713 4685 4686 4727 4726
10714 4684 4685 4726 4725
10715 4683 4684 4725 4724
10716 3549 4683 4724 3548
12447 4764 4430 4429 4805
12448 4763 4764 4805 4804
12449 4762 4763 4804 4803
12450 4761 4762 4803 4802
12451 4760 4761 4802 4801
12452 4759 4760 4801 4800
12453 4758 4759 4800 4799
12454 4757 4758 4799 4798
12455 4756 4757 4798 4797
12456 4755 4756 4797 4796
12457 4754 4755 4796 4795
12458 4753 4754 4795 4794
12459 4752 4753 4794 4793
12460 4751 4752 4793 4792
12461 4750 4751 4792 4791
12462 4749 4750 4791 4790
12463 4748 4749 4790 4789
12464 4747 4748 4789 4788
12465 4746 4747 4788 4787
12466 4745 4746 4787 4786
12467 4744 4745 4786 4785
12468 4743 4744 4785 4784
12469 4742 4743 4784 4783
12470 4741 4742 4783 4782
12471 4740 4741 4782 4781
12472 4739 4740 4781 4780
12473 4738 4739 4780 4779
12474 4737 4738 4779 4778
12475 4736 4737 4778 4777
12476 4735 4736 4777 4776
12477 4734 4735 4776 4775
12478 4733 4734 4775 4774
12479 4732 4733 4774 4773
12480 4731 4732 4773 4772
12481 4730 4731 4772 4771
12482 4729 4730 4771 4770
12483 4728 4729 4770 4769
12484 4727 4728 4769 4768
12485 4726 4727 4768 4767
12486 4725 4726 4767 4766
12487 4724 4725 4766 4765
12488 3548 4724 4765 3547
14219 4805 4429 4428 4846
14220 4804 4805 4846 4845
14221 4803 4804 4845 4844
14222 4802 4803 4844 4843
14223 4801 4802 4843 4842
14224 4800 4801 4842 4841
14225 4799 4800 4841 4840
14226 4798 4799 4840 4839
14227 4797 4798 4839 4838
14228 4796 4797 4838 4837
14229 4795 4796 4837 4836
14230 4794 4795 4836 4835
14231 4793 4794 4835 4834
14232 4792 4793 4834 4833
14233 4791 4792 4833 4832
14234 4790 4791 4832 4831
14235 4789 4790 4831 4830
14236 4788 4789 4830 4829
14237 4787 4788 4829 4828
14238 4786 4787 4828 4827
14239 4785 4786 4827 4826
14240 4784 4785 4826 4825
14241 4783 4784 4825 4824
14242 4782 4783 4824 4823
14243 4781 4782 4823 4822
14244 4780 4781 4822 4821
14245 4779 4780 4821 4820
14246 4778 4779 4820 4819
14247 4777 4778 4819 4818
14248 4776 4777 4818 4817
14249 4775 4776 4817 4816
14250 4774 4775 4816 4815
14251 4773 4774 4815 4814
14252 4772 4773 4814 4813
14253 4771 4772 4813 4812
14254 4770 4771 4812 4811
14255 4769 4770 4811 4810
14256 4768 4769 4810 4809
14257 4767 4768 4809 4808
14258 4766 4767 4808 4807
14259 4765 4766 4807 4806
14260 3547 4765 4806 3546
15991 4846 4428 4427 4887
15992 4845 4846 4887 4886
15993 4844 4845 4886 4885
15994 4843 4844 4885 4884
15995 4842 4843 4884 4883
15996 4841 4842 4883 4882
15997 4840 4841 4882 4881
15998 4839 4840 4881 4880
15999 4838 4839 4880 4879
16000 4837 4838 4879 4878
16001 4836 4837 4878 4877
16002 4835 4836 4877 4876
16003 4834 4835 4876 4875
16004 4833 4834 4875 4874
16005 4832 4833 4874 4873
16006 4831 4832 4873 4872
16007 4830 4831 4872 4871
16008 4829 4830 4871 4870
16009 4828 4829 4870 4869
16010 4827 4828 4869 4868
16011 4826 4827 4868 4867
16012 4825 4826 4867 4866
16013 4824 4825 4866 4865
16014 4823 4824 4865 4864
16015 4822 4823 4864 4863
16016 4821 4822 4863 4862
16017 4820 4821 4862 4861
16018 4819 4820 4861 4860
16019 4818 4819 4860 4859
16020 4817 4818 4859 4858
16021 4816 4817 4858 4857
16022 4815 4816 4857 4856
16023 4814 4815 4856 4855
16024 4813 4814 4855 4854
16025 4812 4813 4854 4853
16026 4811 4812 4853 4852
16027 4810 4811 4852 4851
16028 4809 4810 4851 4850
16029 4808 4809 4850 4849
16030 4807 4808 4849 4848
16031 4806 4807 4848 4847
16032 3546 4806 4847 3545
17763 4887 4427 4426 4928
17764 4886 4887 4928 4927
17765 4885 4886 4927 4926
17766 4884 4885 4926 4925
17767 4883 4884 4925 4924
17768 4882 4883 4924 4923
17769 4881 4882 4923 4922
17770 4880 4881 4922 4921
17771 4879 4880 4921 4920
17772 4878 4879 4920 4919
17773 4877 4878 4919 4918
17774 4876 4877 4918 4917
17775 4875 4876 4917 4916
17776 4874 4875 4916 4915
17777 4873 4874 4915 4914
17778 4872 4873 4914 4913
17779 4871 4872 4913 4912
17780 4870 4871 4912 4911
17781 4869 4870 4911 4910
17782 4868 4869 4910 4909
17783 4867 4868 4909 4908
17784 4866 4867 4908 4907
17785 4865 4866 4907 4906
17786 4864 4865 4906 4905
17787 4863 4864 4905 4904
17788 4862 4863 4904 4903
17789 4861 4862 4903 4902
17790 4860 4861 4902 4901
17791 4859 4860 4901 4900
17792 4858 4859 4900 4899
17793 4857 4858 4899 4898
17794 4856 4857 4898 4897
17795 4855 4856 4897 4896
17796 4854 4855 4896 4895
17797 4853 4854 4895 4894
17798 4852 4853 4894 4893
17799 4851 4852 4893 4892
17800 4850 4851 4892 4891
17801 4849 4850 4891 4890
17802 4848 4849 4890 4889
17803 4847 4848 4889 4888
17804 3545 4847 4888 3544
19535 4928 4426 4425 4969
19536 4927 4928 4969 4968
19537 4926 4927 4968 4967
19538 4925 4926 4967 4966
19539 4924 4925 4966 4965
19540 4923 4924 4965 4964
19541 4922 4923 4964 4963
19542 4921 4922 4963 4962
19543 4920 4921 4962 4961
19544 4919 4920 4961 4960
19545 4918 4919 4960 4959
19546 4917 4918 4959 4958
19547 4916 4917 4958 4957
19548 4915 4916 4957 4956
19549 4914 4915 4956 4955
19550 4913 4914 4955 4954
19551 4912 4913 4954 4953
19552 4911 4912 4953 4952
19553 4910 4911 4952 4951
19554 4909 4910 4951 4950
19555 4908 4909 4950 4949
19556 4907 4908 4949 4948
19557 4906 4907 4948 4947
19558 4905 4906 4947 4946
19559 4904 4905 4946 4945
19560 4903 4904 4945 4944
19561 4902 4903 4944 4943
19562 4901 4902 4943 4942
19563 4900 4901 4942 4941
19564 4899 4900 4941 4940
19565 4898 4899 4940 4939
19566 4897 4898 4939 4938
19567 4896 4897 4938 4937
19568 4895 4896 4937 4936
19569 4894 4895 4936 4935
19570 4893 4894 4935 4934
19571 4892 4893 4934 4933
19572 4891 4892 4933 4932
19573 4890 4891 4932 4931
19574 4889 4890 4931 4930
19575 4888 4889 4930 4929
19576 3544 4888 4929 3543
21307 4969 4425 4424 5010
21308 4968 4969 5010 5009
21309 4967 4968 5009 5008
21310 4966 4967 5008 5007
21311 4965 4966 5007 5006
21312 4964 4965 5006 5005
21313 4963 4964 5005 5004
21314 4962 4963 5004 5003
21315 4961 4962 5003 5002
21316 4960 4961 5002 5001
21317 4959 4960 5001 5000
21318 4958 4959 5000 4999
21319 4957 4958 4999 4998
21320 4956 4957 4998 4997
21321 4955 4956 4997 4996
21322 4954 4955 4996 4995
21323 4953 4954 4995 4994
21324 4952 4953 4994 4993
21325 4951 4952 4993 4992
21326 4950 4951 4992 4991
21327 4949 4950 4991 4990
21328 4948 4949 4990 4989
21329 4947 4948 4989 4988
21330 4946 4947 4988 4987
21331 4945 4946 4987 4986
21332 4944 4945 4986 4985
21333 4943 4944 4985 4984
21334 4942 4943 4984 4983
21335 4941 4942 4983 4982
21336 4940 4941 4982 4981
21337 4939 4940 4981 4980
21338 4938 4939 4980 4979
21339 4937 4938 4979 4978
21340 4936 4937 4978 4977
21341 4935 4936 4977 4976
21342 4934 4935 4976 4975
21343 4933 4934 4975 4974
21344 4932 4933 4974 4973
21345 4931 4932 4973 4972
21346 4930 4931 4972 4971
21347 4929 4930 4971 4970
21348 3543 4929 4970 3542
23079 5010 4424 4423 5051
23080 5009 5010 5051 5050
23081 5008 5009 5050 5049
23082 5007 5008 5049 5048
23083 5006 5007 5048 5047
23084 5005 5006 5047 5046
23085 5004 5005 5046 5045
23086 5003 5004 5045 5044
23087 5002 5003 5044 5043
23088 5001 5002 5043 5042
23089 5000 5001 5042 5041
23090 4999 5000 5041 5040
23091 4998 4999 5040 5039
23092 4997 4998 5039 5038
23093 4996 4997 5038 5037
23094 4995 4996 5037 5036
23095 4994 4995 5036 5035
23096 4993 4994 5035 5034
23097 4992 4993 5034 5033
23098 4991 4992 5033 5032
23099 4990 4991 5032 5031
23100 4989 4990 5031 5030
23101 4988 4989 5030 5029
23102 4987 4988 5029 5028
23103 4986 4987 5028 5027
23104 4985 4986 5027 5026
23105 4984 4985 5026 5025
23106 4983 4984 5025 5024
23107 4982 4983 5024 5023
23108 4981 4982 5023 5022
23109 4980 4981 5022 5021
23110 4979 4980 5021 5020
23111 4978 4979 5020 5019
23112 4977 4978 5019 5018
23113 4976 4977 5018 5017
23114 4975 4976 5017 5016
23115 4974 4975 5016 5015
23116 4973 4974 5015 5014
23117 4972 4973 5014 5013
23118 4971 4972 5013 5012
23119 4970 4971 5012 5011
23120 3542 4970 5011 3541
24851 5051 4423 4422 5092
24852 5050 5051 5092 5091
24853 5049 5050 5091 5090
24854 5048 5049 5090 5089
24855 5047 5048 5089 5088
24856 5046 5047 5088 5087
24857 5045 5046 5087 5086
24858 5044 5045 5086 5085
24859 5043 5044 5085 5084
24860 5042 5043 5084 5083
24861 5041 5042 5083 5082
24862 5040 5041 5082 5081
24863 5039 5040 5081 5080
24864 5038 5039 5080 5079
24865 5037 5038 5079 5078
24866 5036 5037 5078 5077
24867 5035 5036 5077 5076
24868 5034 5035 5076 5075
24869 5033 5034 5075 5074
24870 5032 5033 5074 5073
24871 5031 5032 5073 5072
24872 5030 5031 5072 5071
24873 5029 5030 5071 5070
24874 5028 5029 5070 5069
24875 5027 5028 5069 5068
24876 5026 5027 5068 5067
24877 5025 5026 5067 5066
24878 5024 5025 5066 5065
24879 5023 5024 5065 5064
24880 5022 5023 5064 5063
24881 5021 5022 5063 5062
24882 5020 5021 5062 5061
24883 5019 5020 5061 5060
24884 5018 5019 5060 5059
24885 5017 5018 5059 5058
24886 5016 5017 5058 5057
24887 5015 5016 5057 5056
24888 5014 5015 5056 5055
24889 5013 5014 5055 5054
24890 5012 5013 5054 5053
24891 5011 5012 5053 5052
24892 3541 5011 5052 3540
26623 5092 4422 4421 5133
26624 5091 5092 5133 5132
26625 5090 5091 5132 5131
26626 5089 5090 5131 5130
26627 5088 5089 5130 5129
26628 5087 5088 5129 5128
26629 5086 5087 5128 5127
26630 5085 5086 5127 5126
26631 5084 5085 5126 5125
26632 5083 5084 5125 5124
26633 5082 5083 5124 5123
26634 5081 5082 5123 5122
26635 5080 5081 5122 5121
26636 5079 5080 5121 5120
26637 5078 5079 5120 5119
26638 5077 5078 5119 5118
26639 5076 5077 5118 5117
26640 5075 5076 5117 5116
26641 5074 5075 5116 5115
26642 5073 5074 5115 5114
26643 5072 5073 5114 5113
26644 5071 5072 5113 5112
26645 5070 5071 5112 5111
26646 5069 5070 5111 5110
26647 5068 5069 5110 5109
26648 5067 5068 5109 5108
26649 5066 5067 5108 5107
26650 5065 5066 5107 5106
26651 5064 5065 5106 5105
26652 5063 5064 5105 5104
26653 5062 5063 5104 5103
26654 5061 5062 5103 5102
26655 5060 5061 5102 5101
26656 5059 5060 5101 5100
26657 5058 5059 5100 5099
26658 5057 5058 5099 5098
26659 5056 5057 5098 5097
26660 5055 5056 5097 5096
26661 5054 5055 5096 5095
26662 5053 5054 5095 5094
26663 5052 5053 5094 5093
26664 3540 5052 5093 3539
28395 5133 4421 4420 5174
28396 5132 5133 5174 5173
28397 5131 5132 5173 5172
28398 5130 5131 5172 5171
28399 5129 5130 5171 5170
28400 5128 5129 5170 5169
28401 5127 5128 5169 5168
28402 5126 5127 5168 5167
28403 5125 5126 5167 5166
28404 5124 5125 5166 5165
28405 5123 5124 5165 5164
28406 5122 5123 5164 5163
28407 5121 5122 5163 5162
28408 5120 5121 5162 5161
28409 5119 5120 5161 5160
28410 5118 5119 5160 5159
28411 5117 5118 5159 5158
28412 5116 5117 5158 5157
28413 5115 5116 5157 5156
28414 5114 5115 5156 5155
28415 5113 5114 5155 5154
28416 5112 5113 5154 5153
28417 5111 5112 5153 5152
28418 5110 5111 5152 5151
28419 5109 5110 5151 5150
28420 5108 5109 5150 5149
28421 5107 5108 5149 5148
28422 5106 5107 5148 5147
28423 5105 5106 5147 5146
28424 5104 5105 5146 5145
28425 5103 5104 5145 5144
28426 5102 5103 5144 5143
28427 5101 5102 5143 5142
28428 5100 5101 5142 5141
28429 5099 5100 5141 5140
28430 5098 5099 5140 5139
28431 5097 5098 5139 5138
28432 5096 5097 5138 5137
28433 5095 5096 5137 5136
28434 5094 5095 5136 5135
28435 5093 5094 5135 5134
28436 3539 5093 5134 3538
30167 5174 4420 4419 5215
30168 5173 5174 5215 5214
30169 5172 5173 5214 5213
30170 5171 5172 5213 5212
30171 5170 5171 5212 5211
30172 5169 5170 5211 5210
30173 5168 5169 5210 5209
30174 5167 5168 5209 5208
30175 5166 5167 5208 5207
30176 5165 5166 5207 5206
30177 5164 5165 5206 5205
30178 5163 5164 5205 5204
30179 5162 5163 5204 5203
30180 5161 5162 5203 5202
30181 5160 5161 5202 5201
30182 5159 5160 5201 5200
30183 5158 5159 5200 5199
30184 5157 5158 5199 5198
30185 5156 5157 5198 5197
30186 5155 5156 5197 5196
30187 5154 5155 5196 5195
30188 5153 5154 5195 5194
30189 5152 5153 5194 5193
30190 5151 5152 5193 5192
30191 5150 5151 5192 5191
30192 5149 5150 5191 5190
30193 5148 5149 5190 5189
30194 5147 5148 5189 5188
30195 5146 5147 5188 5187
30196 5145 5146 5187 5186
30197 5144 5145 5186 5185
30198 5143 5144 5185 5184
30199 5142 5143 5184 5183
30200 5141 5142 5183 5182
30201 5140 5141 5182 5181
30202 5139 5140 5181 5180
30203 5138 5139 5180 5179
30204 5137 5138 5179 5178
30205 5136 5137 5178 5177
30206 5135 5136 5177 5176
30207 5134 5135 5176 5175
30208 3538 5134 5175 3537
31939 5215 4419 4418 5256
31940 5214 5215 5256 5255
31941 5213 5214 5255 5254
31942 5212 5213 5254 5253
31943 5211 5212 5253 5252
31944 5210 5211 5252 5251
31945 5209 5210 5251 5250
31946 5208 5209 5250 5249
31947 5207 5208 5249 5248
31948 5206 5207 5248 5247
31949 5205 5206 5247 5246
31950 5204 5205 5246 5245
31951 5203 5204 5245 5244
31952 5202 5203 5244 5243
31953 5201 5202 5243 5242
31954 5200 5201 5242 5241
31955 5199 5200 5241 5240
31956 5198 5199 5240 5239
31957 5197 5198 5239 5238
31958 5196 5197 5238 5237
31959 5195 5196 5237 5236
31960 5194 5195 5236 5235
31961 5193 5194 5235 5234
31962 5192 5193 5234 5233
31963 5191 5192 5233 5232
31964 5190 5191 5232 5231
31965 5189 5190 5231 5230
31966 5188 5189 5230 5229
31967 5187 5188 5229 5228
31968 5186 5187 5228 5227
31969 5185 5186 5227 5226
31970 5184 5185 5226 5225
31971 5183 5184 5225 5224
31972 5182 5183 5224 5223
31973 5181 5182 5223 5222
31974 5180 5181 5222 5221
31975 5179 5180 5221 5220
31976 5178 5179 5220 5219
31977 5177 5178 5219 5218
31978 5176 5177 5218 5217
31979 5175 5176 5217 5216
31980 3537 5175 5216 3536
33711 5256 4418 4417 5297
33712 5255 5256 5297 5296
33713 5254 5255 5296 5295
33714 5253 5254 5295 5294
33715 5252 5253 5294 5293
33716 5251 5252 5293 5292
33717 5250 5251 5292 5291
33718 5249 5250 5291 5290
33719 5248 5249 5290 5289
33720 5247 5248 5289 5288
33721 5246 5247 5288 5287
33722 5245 5246 5287 5286
33723 5244 5245 5286 5285
33724 5243 5244 5285 5284
33725 5242 5243 5284 5283
33726 5241 5242 5283 5282
33727 5240 5241 5282 5281
33728 5239 5240 5281 5280
33729 5238 5239 5280 5279
33730 5237 5238 5279 5278
33731 5236 5237 5278 5277
33732 5235 5236 5277 5276
33733 5234 5235 5276 5275
33734 5233 5234 5275 5274
33735 5232 5233 5274 5273
33736 5231 5232 5273 5272
33737 5230 5231 5272 5271
33738 5229 5230 5271 5270
33739 5228 5229 5270 5269
33740 5227 5228 5269 5268
33741 5226 5227 5268 5267
33742 5225 5226 5267 5266
33743 5224 5225 5266 5265
33744 5223 5224 5265 5264
33745 5222 5223 5264 5263
33746 5221 5222 5263 5262
33747 5220 5221 5262 5261
33748 5219 5220 5261 5260
33749 5218 5219 5260 5259
33750 5217 5218 5259 5258
33751 5216 5217 5258 5257
33752 3536 5216 5257 3535
35483 5297 4417 4416 4477
35484 5296 5297 4477 4476
35485 5295 5296 4476 4475
35486 5294 5295 4475 4474
35487 5293 5294 4474 4473
35488 5292 5293 4473 4472
35489 5291 5292 4472 4471
35490 5290 5291 4471 4470
35491 5289 5290 4470 4469
35492 5288 5289 4469 4468
35493 5287 5288 4468 4467
35494 5286 5287 4467 4466
35495 5285 5286 4466 4465
35496 5284 5285 4465 4464
35497 5283 5284 4464 4463
35498 5282 5283 4463 4462
35499 5281 5282 4462 4461
35500 5280 5281 4461 4460
35501 5279 5280 4460 4459
35502 5278 5279 4459 4458
35503 5277 5278 4458 4457
35504 5276 5277 4457 4456
35505 5275 5276 4456 4455
35506 5274 5275 4455 4454
35507 5273 5274 4454 4453
35508 5272 5273 4453 4452
35509 5271 5272 4452 4451
35510 5270 5271 4451 4450
35511 5269 5270 4450 4449
35512 5268 5269 4449 4448
35513 5267 5268 4448 4447
35514 5266 5267 4447 4446
35515 5265 5266 4446 4445
35516 5264 5265 4445 4444
35517 5263 5264 4444 4443
35518 5262 5263 4443 4442
35519 5261 5262 4442 4441
35520 5260 5261 4441 4440
35521 5259 5260 4440 4439
35522 5258 5259 4439 4438
35523 5257 5258 4438 4437
35524 3535 5257 4437 3534
