882
42 85 1 2713 5379
43 44 45 5339 4436
85 84 85 5379 5378
86 83 84 5378 5377
87 82 83 5377 5376
88 81 82 5376 5375
89 80 81 5375 5374
90 79 80 5374 5373
91 78 79 5373 5372
92 77 78 5372 5371
93 76 77 5371 5370
94 75 76 5370 5369
95 74 75 5369 5368
96 73 74 5368 5367
97 72 73 5367 5366
98 71 72 5366 5365
99 70 71 5365 5364
100 69 70 5364 5363
101 68 69 5363 5362
102 67 68 5362 5361
103 66 67 5361 5360
104 65 66 5360 5359
105 64 65 5359 5358
106 63 64 5358 5357
107 62 63 5357 5356
108 61 62 5356 5355
109 60 61 5355 5354
110 59 60 5354 5353
111 58 59 5353 5352
112 57 58 5352 5351
113 56 57 5351 5350
114 55 56 5350 5349
115 54 55 5349 5348
116 53 54 5348 5347
117 52 53 5347 5346
118 51 52 5346 5345
119 50 51 5345 5344
120 49 50 5344 5343
121 48 49 5343 5342
122 47 48 5342 5341
123 46 47 5341 5340
124 45 46 5340 5339
1814 5379 2713 2712 5420
1815 4436 5339 5380 4435
1857 5378 5379 5420 5419
1858 5377 5378 5419 5418
1859 5376 5377 5418 5417
1860 5375 5376 5417 5416
1861 5374 5375 5416 5415
1862 5373 5374 5415 5414
1863 5372 5373 5414 5413
1864 5371 5372 5413 5412
1865 5370 5371 5412 5411
1866 5369 5370 5411 5410
1867 5368 5369 5410 5409
1868 5367 5368 5409 5408
1869 5366 5367 5408 5407
1870 5365 5366 5407 5406
1871 5364 5365 5406 5405
1872 5363 5364 5405 5404
1873 5362 5363 5404 5403
1874 5361 5362 5403 5402
1875 5360 5361 5402 5401
1876 5359 5360 5401 5400
1877 5358 5359 5400 5399
1878 5357 5358 5399 5398
1879 5356 5357 5398 5397
1880 5355 5356 5397 5396
1881 5354 5355 5396 5395
1882 5353 5354 5395 5394
1883 5352 5353 5394 5393
1884 5351 5352 5393 5392
1885 5350 5351 5392 5391
1886 5349 5350 5391 5390
1887 5348 5349 5390 5389
1888 5347 5348 5389 5388
1889 5346 5347 5388 5387
1890 5345 5346 5387 5386
1891 5344 5345 5386 5385
1892 5343 5344 5385 5384
1893 5342 5343 5384 5383
1894 5341 5342 5383 5382
1895 5340 5341 5382 5381
1896 5339 5340 5381 5380
3586 5420 2712 2711 5461
3587 4435 5380 5421 4434
3629 5419 5420 5461 5460
3630 5418 5419 5460 5459
3631 5417 5418 5459 5458
3632 5416 5417 5458 5457
3633 5415 5416 5457 5456
3634 5414 5415 5456 5455
3635 5413 5414 5455 5454
3636 5412 5413 5454 5453
3637 5411 5412 5453 5452
3638 5410 5411 5452 5451
3639 5409 5410 5451 5450
3640 5408 5409 5450 5449
3641 5407 5408 5449 5448
3642 5406 5407 5448 5447
3643 5405 5406 5447 5446
3644 5404 5405 5446 5445
3645 5403 5404 5445 5444
3646 5402 5403 5444 5443
3647 5401 5402 5443 5442
3648 5400 5401 5442 5441
3649 5399 5400 5441 5440
3650 5398 5399 5440 5439
3651 5397 5398 5439 5438
3652 5396 5397 5438 5437
3653 5395 5396 5437 5436
3654 5394 5395 5436 5435
3655 5393 5394 5435 5434
3656 5392 5393 5434 5433
3657 5391 5392 5433 5432
3658 5390 5391 5432 5431
3659 5389 5390 5431 5430
3660 5388 5389 5430 5429
3661 5387 5388 5429 5428
3662 5386 5387 5428 5427
3663 5385 5386 5427 5426
3664 5384 5385 5426 5425
3665 5383 5384 5425 5424
3666 5382 5383 5424 5423
3667 5381 5382 5423 5422
3668 5380 5381 5422 5421
5358 5461 2711 2710 5502
5359 4434 5421 5462 4433
5401 5460 5461 5502 5501
5402 5459 5460 5501 5500
5403 5458 5459 5500 5499
5404 5457 5458 5499 5498
5405 5456 5457 5498 5497
5406 5455 5456 5497 5496
5407 5454 5455 5496 5495
5408 5453 5454 5495 5494
5409 5452 5453 5494 5493
5410 5451 5452 5493 5492
5411 5450 5451 5492 5491
5412 5449 5450 5491 5490
5413 5448 5449 5490 5489
5414 5447 5448 5489 5488
5415 5446 5447 5488 5487
5416 5445 5446 5487 5486
5417 5444 5445 5486 5485
5418 5443 5444 5485 5484
5419 5442 5443 5484 5483
5420 5441 5442 5483 5482
5421 5440 5441 5482 5481
5422 5439 5440 5481 5480
5423 5438 5439 5480 5479
5424 5437 5438 5479 5478
5425 5436 5437 5478 5477
5426 5435 5436 5477 5476
5427 5434 5435 5476 5475
5428 5433 5434 5475 5474
5429 5432 5433 5474 5473
5430 5431 5432 5473 5472
5431 5430 5431 5472 5471
5432 5429 5430 5471 5470
5433 5428 5429 5470 5469
5434 5427 5428 5469 5468
5435 5426 5427 5468 5467
5436 5425 5426 5467 5466
5437 5424 5425 5466 5465
5438 5423 5424 5465 5464
5439 5422 5423 5464 5463
5440 5421 5422 5463 5462
7130 5502 2710 2709 5543
7131 4433 5462 5503 4432
7173 5501 5502 5543 5542
7174 5500 5501 5542 5541
7175 5499 5500 5541 5540
7176 5498 5499 5540 5539
7177 5497 5498 5539 5538
7178 5496 5497 5538 5537
7179 5495 5496 5537 5536
7180 5494 5495 5536 5535
7181 5493 5494 5535 5534
7182 5492 5493 5534 5533
7183 5491 5492 5533 5532
7184 5490 5491 5532 5531
7185 5489 5490 5531 5530
7186 5488 5489 5530 5529
7187 5487 5488 5529 5528
7188 5486 5487 5528 5527
7189 5485 5486 5527 5526
7190 5484 5485 5526 5525
7191 5483 5484 5525 5524
7192 5482 5483 5524 5523
7193 5481 5482 5523 5522
7194 5480 5481 5522 5521
7195 5479 5480 5521 5520
7196 5478 5479 5520 5519
7197 5477 5478 5519 5518
7198 5476 5477 5518 5517
7199 5475 5476 5517 5516
7200 5474 5475 5516 5515
7201 5473 5474 5515 5514
7202 5472 5473 5514 5513
7203 5471 5472 5513 5512
7204 5470 5471 5512 5511
7205 5469 5470 5511 5510
7206 5468 5469 5510 5509
7207 5467 5468 5509 5508
7208 5466 5467 5508 5507
7209 5465 5466 5507 5506
7210 5464 5465 5506 5505
7211 5463 5464 5505 5504
7212 5462 5463 5504 5503
8902 5543 2709 2708 5584
8903 4432 5503 5544 4431
8945 5542 5543 5584 5583
8946 5541 5542 5583 5582
8947 5540 5541 5582 5581
8948 5539 5540 5581 5580
8949 5538 5539 5580 5579
8950 5537 5538 5579 5578
8951 5536 5537 5578 5577
8952 5535 5536 5577 5576
8953 5534 5535 5576 5575
8954 5533 5534 5575 5574
8955 5532 5533 5574 5573
8956 5531 5532 5573 5572
8957 5530 5531 5572 5571
8958 5529 5530 5571 5570
8959 5528 5529 5570 5569
8960 5527 5528 5569 5568
8961 5526 5527 5568 5567
8962 5525 5526 5567 5566
8963 5524 5525 5566 5565
8964 5523 5524 5565 5564
8965 5522 5523 5564 5563
8966 5521 5522 5563 5562
8967 5520 5521 5562 5561
8968 5519 5520 5561 5560
8969 5518 5519 5560 5559
8970 5517 5518 5559 5558
8971 5516 5517 5558 5557
8972 5515 5516 5557 5556
8973 5514 5515 5556 5555
8974 5513 5514 5555 5554
8975 5512 5513 5554 5553
8976 5511 5512 5553 5552
8977 5510 5511 5552 5551
8978 5509 5510 5551 5550
8979 5508 5509 5550 5549
8980 5507 5508 5549 5548
8981 5506 5507 5548 5547
8982 5505 5506 5547 5546
8983 5504 5505 5546 5545
8984 5503 5504 5545 5544
10674 5584 2708 2707 5625
10675 4431 5544 5585 4430
10717 5583 5584 5625 5624
10718 5582 5583 5624 5623
10719 5581 5582 5623 5622
10720 5580 5581 5622 5621
10721 5579 5580 5621 5620
10722 5578 5579 5620 5619
10723 5577 5578 5619 5618
10724 5576 5577 5618 5617
10725 5575 5576 5617 5616
10726 5574 5575 5616 5615
10727 5573 5574 5615 5614
10728 5572 5573 5614 5613
10729 5571 5572 5613 5612
10730 5570 5571 5612 5611
10731 5569 5570 5611 5610
10732 5568 5569 5610 5609
10733 5567 5568 5609 5608
10734 5566 5567 5608 5607
10735 5565 5566 5607 5606
10736 5564 5565 5606 5605
10737 5563 5564 5605 5604
10738 5562 5563 5604 5603
10739 5561 5562 5603 5602
10740 5560 5561 5602 5601
10741 5559 5560 5601 5600
10742 5558 5559 5600 5599
10743 5557 5558 5599 5598
10744 5556 5557 5598 5597
10745 5555 5556 5597 5596
10746 5554 5555 5596 5595
10747 5553 5554 5595 5594
10748 5552 5553 5594 5593
10749 5551 5552 5593 5592
10750 5550 5551 5592 5591
10751 5549 5550 5591 5590
10752 5548 5549 5590 5589
10753 5547 5548 5589 5588
10754 5546 5547 5588 5587
10755 5545 5546 5587 5586
10756 5544 5545 5586 5585
12446 5625 2707 2706 5666
12447 4430 5585 5626 4429
12489 5624 5625 5666 5665
12490 5623 5624 5665 5664
12491 5622 5623 5664 5663
12492 5621 5622 5663 5662
12493 5620 5621 5662 5661
12494 5619 5620 5661 5660
12495 5618 5619 5660 5659
12496 5617 5618 5659 5658
12497 5616 5617 5658 5657
12498 5615 5616 5657 5656
12499 5614 5615 5656 5655
12500 5613 5614 5655 5654
12501 5612 5613 5654 5653
12502 5611 5612 5653 5652
12503 5610 5611 5652 5651
12504 5609 5610 5651 5650
12505 5608 5609 5650 5649
12506 5607 5608 5649 5648
12507 5606 5607 5648 5647
12508 5605 5606 5647 5646
12509 5604 5605 5646 5645
12510 5603 5604 5645 5644
12511 5602 5603 5644 5643
12512 5601 5602 5643 5642
12513 5600 5601 5642 5641
12514 5599 5600 5641 5640
12515 5598 5599 5640 5639
12516 5597 5598 5639 5638
12517 5596 5597 5638 5637
12518 5595 5596 5637 5636
12519 5594 5595 5636 5635
12520 5593 5594 5635 5634
12521 5592 5593 5634 5633
12522 5591 5592 5633 5632
12523 5590 5591 5632 5631
12524 5589 5590 5631 5630
12525 5588 5589 5630 5629
12526 5587 5588 5629 5628
12527 5586 5587 5628 5627
12528 5585 5586 5627 5626
14218 5666 2706 2705 5707
14219 4429 5626 5667 4428
14261 5665 5666 5707 5706
14262 5664 5665 5706 5705
14263 5663 5664 5705 5704
14264 5662 5663 5704 5703
14265 5661 5662 5703 5702
14266 5660 5661 5702 5701
14267 5659 5660 5701 5700
14268 5658 5659 5700 5699
14269 5657 5658 5699 5698
14270 5656 5657 5698 5697
14271 5655 5656 5697 5696
14272 5654 5655 5696 5695
14273 5653 5654 5695 5694
14274 5652 5653 5694 5693
14275 5651 5652 5693 5692
14276 5650 5651 5692 5691
14277 5649 5650 5691 5690
14278 5648 5649 5690 5689
14279 5647 5648 5689 5688
14280 5646 5647 5688 5687
14281 5645 5646 5687 5686
14282 5644 5645 5686 5685
14283 5643 5644 5685 5684
14284 5642 5643 5684 5683
14285 5641 5642 5683 5682
14286 5640 5641 5682 5681
14287 5639 5640 5681 5680
14288 5638 5639 5680 5679
14289 5637 5638 5679 5678
14290 5636 5637 5678 5677
14291 5635 5636 5677 5676
14292 5634 5635 5676 5675
14293 5633 5634 5675 5674
14294 5632 5633 5674 5673
14295 5631 5632 5673 5672
14296 5630 5631 5672 5671
14297 5629 5630 5671 5670
14298 5628 5629 5670 5669
14299 5627 5628 5669 5668
14300 5626 5627 5668 5667
15990 5707 2705 2704 5748
15991 4428 5667 5708 4427
16033 5706 5707 5748 5747
16034 5705 5706 5747 5746
16035 5704 5705 5746 5745
16036 5703 5704 5745 5744
16037 5702 5703 5744 5743
16038 5701 5702 5743 5742
16039 5700 5701 5742 5741
16040 5699 5700 5741 5740
16041 5698 5699 5740 5739
16042 5697 5698 5739 5738
16043 5696 5697 5738 5737
16044 5695 5696 5737 5736
16045 5694 5695 5736 5735
16046 5693 5694 5735 5734
16047 5692 5693 5734 5733
16048 5691 5692 5733 5732
16049 5690 5691 5732 5731
16050 5689 5690 5731 5730
16051 5688 5689 5730 5729
16052 5687 5688 5729 5728
16053 5686 5687 5728 5727
16054 5685 5686 5727 5726
16055 5684 5685 5726 5725
16056 5683 5684 5725 5724
16057 5682 5683 5724 5723
16058 5681 5682 5723 5722
16059 5680 5681 5722 5721
16060 5679 5680 5721 5720
16061 5678 5679 5720 5719
16062 5677 5678 5719 5718
16063 5676 5677 5718 5717
16064 5675 5676 5717 5716
16065 5674 5675 5716 5715
16066 5673 5674 5715 5714
16067 5672 5673 5714 5713
16068 5671 5672 5713 5712
16069 5670 5671 5712 5711
16070 5669 5670 5711 5710
16071 5668 5669 5710 5709
16072 5667 5668 5709 5708
17762 5748 2704 2703 5789
17763 4427 5708 5749 4426
17805 5747 5748 5789 5788
17806 5746 5747 5788 5787
17807 5745 5746 5787 5786
17808 5744 5745 5786 5785
17809 5743 5744 5785 5784
17810 5742 5743 5784 5783
17811 5741 5742 5783 5782
17812 5740 5741 5782 5781
17813 5739 5740 5781 5780
17814 5738 5739 5780 5779
17815 5737 5738 5779 5778
17816 5736 5737 5778 5777
17817 5735 5736 5777 5776
17818 5734 5735 5776 5775
17819 5733 5734 5775 5774
17820 5732 5733 5774 5773
17821 5731 5732 5773 5772
17822 5730 5731 5772 5771
17823 5729 5730 5771 5770
17824 5728 5729 5770 5769
17825 5727 5728 5769 5768
17826 5726 5727 5768 5767
17827 5725 5726 5767 5766
17828 5724 5725 5766 5765
17829 5723 5724 5765 5764
17830 5722 5723 5764 5763
17831 5721 5722 5763 5762
17832 5720 5721 5762 5761
17833 5719 5720 5761 5760
17834 5718 5719 5760 5759
17835 5717 5718 5759 5758
17836 5716 5717 5758 5757
17837 5715 5716 5757 5756
17838 5714 5715 5756 5755
17839 5713 5714 5755 5754
17840 5712 5713 5754 5753
17841 5711 5712 5753 5752
17842 5710 5711 5752 5751
17843 5709 5710 5751 5750
17844 5708 5709 5750 5749
19534 5789 2703 2702 5830
19535 4426 5749 5790 4425
19577 5788 5789 5830 5829
19578 5787 5788 5829 5828
19579 5786 5787 5828 5827
19580 5785 5786 5827 5826
19581 5784 5785 5826 5825
19582 5783 5784 5825 5824
19583 5782 5783 5824 5823
19584 5781 5782 5823 5822
19585 5780 5781 5822 5821
19586 5779 5780 5821 5820
19587 5778 5779 5820 5819
19588 5777 5778 5819 5818
19589 5776 5777 5818 5817
19590 5775 5776 5817 5816
19591 5774 5775 5816 5815
19592 5773 5774 5815 5814
19593 5772 5773 5814 5813
19594 5771 5772 5813 5812
19595 5770 5771 5812 5811
19596 5769 5770 5811 5810
19597 5768 5769 5810 5809
19598 5767 5768 5809 5808
19599 5766 5767 5808 5807
19600 5765 5766 5807 5806
19601 5764 5765 5806 5805
19602 5763 5764 5805 5804
19603 5762 5763 5804 5803
19604 5761 5762 5803 5802
19605 5760 5761 5802 5801
19606 5759 5760 5801 5800
19607 5758 5759 5800 5799
19608 5757 5758 5799 5798
19609 5756 5757 5798 5797
19610 5755 5756 5797 5796
19611 5754 5755 5796 5795
19612 5753 5754 5795 5794
19613 5752 5753 5794 5793
19614 5751 5752 5793 5792
19615 5750 5751 5792 5791
19616 5749 5750 5791 5790
21306 5830 2702 2701 5871
21307 4425 5790 5831 4424
21349 5829 5830 5871 5870
21350 5828 5829 5870 5869
21351 5827 5828 5869 5868
21352 5826 5827 5868 5867
21353 5825 5826 5867 5866
21354 5824 5825 5866 5865
21355 5823 5824 5865 5864
21356 5822 5823 5864 5863
21357 5821 5822 5863 5862
21358 5820 5821 5862 5861
21359 5819 5820 5861 5860
21360 5818 5819 5860 5859
21361 5817 5818 5859 5858
21362 5816 5817 5858 5857
21363 5815 5816 5857 5856
21364 5814 5815 5856 5855
21365 5813 5814 5855 5854
21366 5812 5813 5854 5853
21367 5811 5812 5853 5852
21368 5810 5811 5852 5851
21369 5809 5810 5851 5850
21370 5808 5809 5850 5849
21371 5807 5808 5849 5848
21372 5806 5807 5848 5847
21373 5805 5806 5847 5846
21374 5804 5805 5846 5845
21375 5803 5804 5845 5844
21376 5802 5803 5844 5843
21377 5801 5802 5843 5842
21378 5800 5801 5842 5841
21379 5799 5800 5841 5840
21380 5798 5799 5840 5839
21381 5797 5798 5839 5838
21382 5796 5797 5838 5837
21383 5795 5796 5837 5836
21384 5794 5795 5836 5835
21385 5793 5794 5835 5834
21386 5792 5793 5834 5833
21387 5791 5792 5833 5832
21388 5790 5791 5832 5831
23078 5871 2701 2700 5912
23079 4424 5831 5872 4423
23121 5870 5871 5912 5911
23122 5869 5870 5911 5910
23123 5868 5869 5910 5909
23124 5867 5868 5909 5908
23125 5866 5867 5908 5907
23126 5865 5866 5907 5906
23127 5864 5865 5906 5905
23128 5863 5864 5905 5904
23129 5862 5863 5904 5903
23130 5861 5862 5903 5902
23131 5860 5861 5902 5901
23132 5859 5860 5901 5900
23133 5858 5859 5900 5899
23134 5857 5858 5899 5898
23135 5856 5857 5898 5897
23136 5855 5856 5897 5896
23137 5854 5855 5896 5895
23138 5853 5854 5895 5894
23139 5852 5853 5894 5893
23140 5851 5852 5893 5892
23141 5850 5851 5892 5891
23142 5849 5850 5891 5890
23143 5848 5849 5890 5889
23144 5847 5848 5889 5888
23145 5846 5847 5888 5887
23146 5845 5846 5887 5886
23147 5844 5845 5886 5885
23148 5843 5844 5885 5884
23149 5842 5843 5884 5883
23150 5841 5842 5883 5882
23151 5840 5841 5882 5881
23152 5839 5840 5881 5880
23153 5838 5839 5880 5879
23154 5837 5838 5879 5878
23155 5836 5837 5878 5877
23156 5835 5836 5877 5876
23157 5834 5835 5876 5875
23158 5833 5834 5875 5874
23159 5832 5833 5874 5873
23160 5831 5832 5873 5872
24850 5912 2700 2699 5953
24851 4423 5872 5913 4422
24893 5911 5912 5953 5952
24894 5910 5911 5952 5951
24895 5909 5910 5951 5950
24896 5908 5909 5950 5949
24897 5907 5908 5949 5948
24898 5906 5907 5948 5947
24899 5905 5906 5947 5946
24900 5904 5905 5946 5945
24901 5903 5904 5945 5944
24902 5902 5903 5944 5943
24903 5901 5902 5943 5942
24904 5900 5901 5942 5941
24905 5899 5900 5941 5940
24906 5898 5899 5940 5939
24907 5897 5898 5939 5938
24908 5896 5897 5938 5937
24909 5895 5896 5937 5936
24910 5894 5895 5936 5935
24911 5893 5894 5935 5934
24912 5892 5893 5934 5933
24913 5891 5892 5933 5932
24914 5890 5891 5932 5931
24915 5889 5890 5931 5930
24916 5888 5889 5930 5929
24917 5887 5888 5929 5928
24918 5886 5887 5928 5927
24919 5885 5886 5927 5926
24920 5884 5885 5926 5925
24921 5883 5884 5925 5924
24922 5882 5883 5924 5923
24923 5881 5882 5923 5922
24924 5880 5881 5922 5921
24925 5879 5880 5921 5920
24926 5878 5879 5920 5919
24927 5877 5878 5919 5918
24928 5876 5877 5918 5917
24929 5875 5876 5917 5916
24930 5874 5875 5916 5915
24931 5873 5874 5915 5914
24932 5872 5873 5914 5913
26622 5953 2699 2698 5994
26623 4422 5913 5954 4421
26665 5952 5953 5994 5993
26666 5951 5952 5993 5992
26667 5950 5951 5992 5991
26668 5949 5950 5991 5990
26669 5948 5949 5990 5989
26670 5947 5948 5989 5988
26671 5946 5947 5988 5987
26672 5945 5946 5987 5986
26673 5944 5945 5986 5985
26674 5943 5944 5985 5984
26675 5942 5943 5984 5983
26676 5941 5942 5983 5982
26677 5940 5941 5982 5981
26678 5939 5940 5981 5980
26679 5938 5939 5980 5979
26680 5937 5938 5979 5978
26681 5936 5937 5978 5977
26682 5935 5936 5977 5976
26683 5934 5935 5976 5975
26684 5933 5934 5975 5974
26685 5932 5933 5974 5973
26686 5931 5932 5973 5972
26687 5930 5931 5972 5971
26688 5929 5930 5971 5970
26689 5928 5929 5970 5969
26690 5927 5928 5969 5968
26691 5926 5927 5968 5967
26692 5925 5926 5967 5966
26693 5924 5925 5966 5965
26694 5923 5924 5965 5964
26695 5922 5923 5964 5963
26696 5921 5922 5963 5962
26697 5920 5921 5962 5961
26698 5919 5920 5961 5960
26699 5918 5919 5960 5959
26700 5917 5918 5959 5958
26701 5916 5917 5958 5957
26702 5915 5916 5957 5956
26703 5914 5915 5956 5955
26704 5913 5914 5955 5954
28394 5994 2698 2697 6035
28395 4421 5954 5995 4420
28437 5993 5994 6035 6034
28438 5992 5993 6034 6033
28439 5991 5992 6033 6032
28440 5990 5991 6032 6031
28441 5989 5990 6031 6030
28442 5988 5989 6030 6029
28443 5987 5988 6029 6028
28444 5986 5987 6028 6027
28445 5985 5986 6027 6026
28446 5984 5985 6026 6025
28447 5983 5984 6025 6024
28448 5982 5983 6024 6023
28449 5981 5982 6023 6022
28450 5980 5981 6022 6021
28451 5979 5980 6021 6020
28452 5978 5979 6020 6019
28453 5977 5978 6019 6018
28454 5976 5977 6018 6017
28455 5975 5976 6017 6016
28456 5974 5975 6016 6015
28457 5973 5974 6015 6014
28458 5972 5973 6014 6013
28459 5971 5972 6013 6012
28460 5970 5971 6012 6011
28461 5969 5970 6011 6010
28462 5968 5969 6010 6009
28463 5967 5968 6009 6008
28464 5966 5967 6008 6007
28465 5965 5966 6007 6006
28466 5964 5965 6006 6005
28467 5963 5964 6005 6004
28468 5962 5963 6004 6003
28469 5961 5962 6003 6002
28470 5960 5961 6002 6001
28471 5959 5960 6001 6000
28472 5958 5959 6000 5999
28473 5957 5958 5999 5998
28474 5956 5957 5998 5997
28475 5955 5956 5997 5996
28476 5954 5955 5996 5995
30166 6035 2697 2696 6076
30167 4420 5995 6036 4419
30209 6034 6035 6076 6075
30210 6033 6034 6075 6074
30211 6032 6033 6074 6073
30212 6031 6032 6073 6072
30213 6030 6031 6072 6071
30214 6029 6030 6071 6070
30215 6028 6029 6070 6069
30216 6027 6028 6069 6068
30217 6026 6027 6068 6067
30218 6025 6026 6067 6066
30219 6024 6025 6066 6065
30220 6023 6024 6065 6064
30221 6022 6023 6064 6063
30222 6021 6022 6063 6062
30223 6020 6021 6062 6061
30224 6019 6020 6061 6060
30225 6018 6019 6060 6059
30226 6017 6018 6059 6058
30227 6016 6017 6058 6057
30228 6015 6016 6057 6056
30229 6014 6015 6056 6055
30230 6013 6014 6055 6054
30231 6012 6013 6054 6053
30232 6011 6012 6053 6052
30233 6010 6011 6052 6051
30234 6009 6010 6051 6050
30235 6008 6009 6050 6049
30236 6007 6008 6049 6048
30237 6006 6007 6048 6047
30238 6005 6006 6047 6046
30239 6004 6005 6046 6045
30240 6003 6004 6045 6044
30241 6002 6003 6044 6043
30242 6001 6002 6043 6042
30243 6000 6001 6042 6041
30244 5999 6000 6041 6040
30245 5998 5999 6040 6039
30246 5997 5998 6039 6038
30247 5996 5997 6038 6037
30248 5995 5996 6037 6036
31938 6076 2696 2695 6117
31939 4419 6036 6077 4418
31981 6075 6076 6117 6116
31982 6074 6075 6116 6115
31983 6073 6074 6115 6114
31984 6072 6073 6114 6113
31985 6071 6072 6113 6112
31986 6070 6071 6112 6111
31987 6069 6070 6111 6110
31988 6068 6069 6110 6109
31989 6067 6068 6109 6108
31990 6066 6067 6108 6107
31991 6065 6066 6107 6106
31992 6064 6065 6106 6105
31993 6063 6064 6105 6104
31994 6062 6063 6104 6103
31995 6061 6062 6103 6102
31996 6060 6061 6102 6101
31997 6059 6060 6101 6100
31998 6058 6059 6100 6099
31999 6057 6058 6099 6098
32000 6056 6057 6098 6097
32001 6055 6056 6097 6096
32002 6054 6055 6096 6095
32003 6053 6054 6095 6094
32004 6052 6053 6094 6093
32005 6051 6052 6093 6092
32006 6050 6051 6092 6091
32007 6049 6050 6091 6090
32008 6048 6049 6090 6089
32009 6047 6048 6089 6088
32010 6046 6047 6088 6087
32011 6045 6046 6087 6086
32012 6044 6045 6086 6085
32013 6043 6044 6085 6084
32014 6042 6043 6084 6083
32015 6041 6042 6083 6082
32016 6040 6041 6082 6081
32017 6039 6040 6081 6080
32018 6038 6039 6080 6079
32019 6037 6038 6079 6078
32020 6036 6037 6078 6077
33710 6117 2695 2694 6158
33711 4418 6077 6118 4417
33753 6116 6117 6158 6157
33754 6115 6116 6157 6156
33755 6114 6115 6156 6155
33756 6113 6114 6155 6154
33757 6112 6113 6154 6153
33758 6111 6112 6153 6152
33759 6110 6111 6152 6151
33760 6109 6110 6151 6150
33761 6108 6109 6150 6149
33762 6107 6108 6149 6148
33763 6106 6107 6148 6147
33764 6105 6106 6147 6146
33765 6104 6105 6146 6145
33766 6103 6104 6145 6144
33767 6102 6103 6144 6143
33768 6101 6102 6143 6142
33769 6100 6101 6142 6141
33770 6099 6100 6141 6140
33771 6098 6099 6140 6139
33772 6097 6098 6139 6138
33773 6096 6097 6138 6137
33774 6095 6096 6137 6136
33775 6094 6095 6136 6135
33776 6093 6094 6135 6134
33777 6092 6093 6134 6133
33778 6091 6092 6133 6132
33779 6090 6091 6132 6131
33780 6089 6090 6131 6130
33781 6088 6089 6130 6129
33782 6087 6088 6129 6128
33783 6086 6087 6128 6127
33784 6085 6086 6127 6126
33785 6084 6085 6126 6125
33786 6083 6084 6125 6124
33787 6082 6083 6124 6123
33788 6081 6082 6123 6122
33789 6080 6081 6122 6121
33790 6079 6080 6121 6120
33791 6078 6079 6120 6119
33792 6077 6078 6119 6118
35482 6158 2694 2652 5338
35483 4417 6118 5298 4416
35525 6157 6158 5338 5337
35526 6156 6157 5337 5336
35527 6155 6156 5336 5335
35528 6154 6155 5335 5334
35529 6153 6154 5334 5333
35530 6152 6153 5333 5332
35531 6151 6152 5332 5331
35532 6150 6151 5331 5330
35533 6149 6150 5330 5329
35534 6148 6149 5329 5328
35535 6147 6148 5328 5327
35536 6146 6147 5327 5326
35537 6145 6146 5326 5325
35538 6144 6145 5325 5324
35539 6143 6144 5324 5323
35540 6142 6143 5323 5322
35541 6141 6142 5322 5321
35542 6140 6141 5321 5320
35543 6139 6140 5320 5319
35544 6138 6139 5319 5318
35545 6137 6138 5318 5317
35546 6136 6137 5317 5316
35547 6135 6136 5316 5315
35548 6134 6135 5315 5314
35549 6133 6134 5314 5313
35550 6132 6133 5313 5312
35551 6131 6132 5312 5311
35552 6130 6131 5311 5310
35553 6129 6130 5310 5309
35554 6128 6129 5309 5308
35555 6127 6128 5308 5307
35556 6126 6127 5307 5306
35557 6125 6126 5306 5305
35558 6124 6125 5305 5304
35559 6123 6124 5304 5303
35560 6122 6123 5303 5302
35561 6121 6122 5302 5301
35562 6120 6121 5301 5300
35563 6119 6120 5300 5299
35564 6118 6119 5299 5298
