1772
1 2 43 205 128
2 43 42 206 205
3 42 41 207 206
4 41 40 208 207
5 40 39 209 208
6 39 38 210 209
7 38 37 211 210
8 37 36 212 211
9 36 35 213 212
10 35 34 214 213
11 34 33 215 214
12 33 32 216 215
13 32 31 217 216
14 31 30 218 217
15 30 29 219 218
16 29 28 220 219
17 28 27 221 220
18 27 26 222 221
19 26 25 223 222
20 25 24 224 223
21 24 23 225 224
22 23 22 226 225
23 22 21 227 226
24 21 20 228 227
25 20 19 229 228
26 19 18 230 229
27 18 17 231 230
28 17 16 232 231
29 16 15 233 232
30 15 14 234 233
31 14 13 235 234
32 13 12 236 235
33 12 11 237 236
34 11 10 238 237
35 10 9 239 238
36 9 8 240 239
37 8 7 241 240
38 7 6 242 241
39 6 5 243 242
40 5 4 244 243
41 4 3 245 244
42 3 1 85 245
43 44 127 246 45
44 127 126 247 246
45 126 125 248 247
46 125 124 249 248
47 124 123 250 249
48 123 122 251 250
49 122 121 252 251
50 121 120 253 252
51 120 119 254 253
52 119 118 255 254
53 118 117 256 255
54 117 116 257 256
55 116 115 258 257
56 115 114 259 258
57 114 113 260 259
58 113 112 261 260
59 112 111 262 261
60 111 110 263 262
61 110 109 264 263
62 109 108 265 264
63 108 107 266 265
64 107 106 267 266
65 106 105 268 267
66 105 104 269 268
67 104 103 270 269
68 103 102 271 270
69 102 101 272 271
70 101 100 273 272
71 100 99 274 273
72 99 98 275 274
73 98 97 276 275
74 97 96 277 276
75 96 95 278 277
76 95 94 279 278
77 94 93 280 279
78 93 92 281 280
79 92 91 282 281
80 91 90 283 282
81 90 89 284 283
82 89 88 285 284
83 88 87 286 285
84 87 86 168 286
85 85 84 287 245
86 84 83 288 287
87 83 82 289 288
88 82 81 290 289
89 81 80 291 290
90 80 79 292 291
91 79 78 293 292
92 78 77 294 293
93 77 76 295 294
94 76 75 296 295
95 75 74 297 296
96 74 73 298 297
97 73 72 299 298
98 72 71 300 299
99 71 70 301 300
100 70 69 302 301
101 69 68 303 302
102 68 67 304 303
103 67 66 305 304
104 66 65 306 305
105 65 64 307 306
106 64 63 308 307
107 63 62 309 308
108 62 61 310 309
109 61 60 311 310
110 60 59 312 311
111 59 58 313 312
112 58 57 314 313
113 57 56 315 314
114 56 55 316 315
115 55 54 317 316
116 54 53 318 317
117 53 52 319 318
118 52 51 320 319
119 51 50 321 320
120 50 49 322 321
121 49 48 323 322
122 48 47 324 323
123 47 46 325 324
124 46 45 246 325
125 168 167 326 286
126 167 166 327 326
127 166 165 328 327
128 165 164 329 328
129 164 163 330 329
130 163 162 331 330
131 162 161 332 331
132 161 160 333 332
133 160 159 334 333
134 159 158 335 334
135 158 157 336 335
136 157 156 337 336
137 156 155 338 337
138 155 154 339 338
139 154 153 340 339
140 153 152 341 340
141 152 151 342 341
142 151 150 343 342
143 150 149 344 343
144 149 148 345 344
145 148 147 346 345
146 147 146 347 346
147 146 145 348 347
148 145 144 349 348
149 144 143 350 349
150 143 142 351 350
151 142 141 352 351
152 141 140 353 352
153 140 139 354 353
154 139 138 355 354
155 138 137 356 355
156 137 136 357 356
157 136 135 358 357
158 135 134 359 358
159 134 133 360 359
160 133 132 361 360
161 132 131 362 361
162 131 130 363 362
163 130 129 364 363
164 129 128 205 364
165 170 187 366 365
166 187 186 367 366
167 186 185 368 367
168 185 184 369 368
169 184 183 370 369
170 183 182 371 370
171 182 181 372 371
172 181 180 373 372
173 180 179 374 373
174 179 178 375 374
175 178 177 376 375
176 177 176 377 376
177 176 175 378 377
178 175 174 379 378
179 174 173 380 379
180 173 172 381 380
181 172 171 382 381
182 169 383 382 171
183 169 385 384 383
184 169 387 386 385
185 169 204 388 387
186 204 203 389 388
187 203 202 390 389
188 202 201 391 390
189 201 200 392 391
190 200 199 393 392
191 199 198 394 393
192 198 197 395 394
193 197 196 396 395
194 196 195 397 396
195 195 194 398 397
196 194 193 399 398
197 193 192 400 399
198 192 191 401 400
199 191 190 402 401
200 190 189 403 402
201 189 188 404 403
202 188 170 405 404
203 170 407 406 405
204 170 365 408 407
205 365 410 409 408
206 365 366 411 410
207 245 287 412 244
208 287 288 413 412
209 288 289 414 413
210 289 290 415 414
211 290 291 416 415
212 291 292 417 416
213 292 293 418 417
214 293 294 419 418
215 294 295 420 419
216 295 296 421 420
217 296 297 422 421
218 297 298 423 422
219 298 299 424 423
220 299 300 425 424
221 300 301 426 425
222 301 302 427 426
223 302 303 428 427
224 303 304 429 428
225 304 305 430 429
226 305 306 431 430
227 306 307 432 431
228 307 308 433 432
229 308 309 434 433
230 309 310 435 434
231 310 311 436 435
232 311 312 437 436
233 312 313 438 437
234 313 314 439 438
235 314 315 440 439
236 315 316 441 440
237 316 317 442 441
238 317 318 443 442
239 318 319 444 443
240 319 320 445 444
241 320 321 446 445
242 321 322 447 446
243 322 323 448 447
244 323 324 449 448
245 324 325 450 449
246 325 246 247 450
247 247 248 451 450
248 248 249 452 451
249 249 250 453 452
250 250 251 454 453
251 251 252 455 454
252 252 253 456 455
253 253 254 457 456
254 254 255 458 457
255 255 256 459 458
256 256 257 460 459
257 257 258 461 460
258 258 259 462 461
259 259 260 463 462
260 260 261 464 463
261 261 262 465 464
262 262 263 466 465
263 263 264 467 466
264 264 265 468 467
265 265 266 469 468
266 266 267 470 469
267 267 268 471 470
268 268 269 472 471
269 269 270 473 472
270 270 271 474 473
271 271 272 475 474
272 272 273 476 475
273 273 274 477 476
274 274 275 478 477
275 275 276 479 478
276 276 277 480 479
277 277 278 481 480
278 278 279 482 481
279 279 280 483 482
280 280 281 484 483
281 281 282 485 484
282 282 283 486 485
283 283 284 487 486
284 284 285 488 487
285 285 286 326 488
286 205 206 489 364
287 206 207 490 489
288 207 208 491 490
289 208 209 492 491
290 209 210 493 492
291 210 211 494 493
292 211 212 495 494
293 212 213 496 495
294 213 214 497 496
295 214 215 498 497
296 215 216 499 498
297 216 217 500 499
298 217 218 501 500
299 218 219 502 501
300 219 220 503 502
301 220 221 504 503
302 221 222 505 504
303 222 223 506 505
304 223 224 507 506
305 224 225 508 507
306 225 226 509 508
307 226 227 510 509
308 227 228 511 510
309 228 229 512 511
310 229 230 513 512
311 230 231 514 513
312 231 232 515 514
313 232 233 516 515
314 233 234 517 516
315 234 235 518 517
316 235 236 519 518
317 236 237 520 519
318 237 238 521 520
319 238 239 522 521
320 239 240 523 522
321 240 241 524 523
322 241 242 525 524
323 242 243 526 525
324 243 244 412 526
325 326 327 527 488
326 327 328 528 527
327 328 329 529 528
328 329 330 530 529
329 330 331 531 530
330 331 332 532 531
331 332 333 533 532
332 333 334 534 533
333 334 335 535 534
334 335 336 536 535
335 336 337 537 536
336 337 338 538 537
337 338 339 539 538
338 339 340 540 539
339 340 341 541 540
340 341 342 542 541
341 342 343 543 542
342 343 344 544 543
343 344 345 545 544
344 345 346 546 545
345 346 347 547 546
346 347 348 548 547
347 348 349 549 548
348 349 350 550 549
349 350 351 551 550
350 351 352 552 551
351 352 353 553 552
352 353 354 554 553
353 354 355 555 554
354 355 356 556 555
355 356 357 557 556
356 357 358 558 557
357 358 359 559 558
358 359 360 560 559
359 360 361 561 560
360 361 362 562 561
361 362 363 563 562
362 363 364 489 563
363 366 367 564 411
364 367 368 565 564
365 368 369 566 565
366 369 370 567 566
367 370 371 568 567
368 371 372 569 568
369 372 373 570 569
370 373 374 571 570
371 374 375 572 571
372 375 376 573 572
373 376 377 574 573
374 377 378 575 574
375 378 379 576 575
376 379 380 577 576
377 380 381 578 577
378 381 382 579 578
379 382 383 580 579
380 383 384 581 580
381 384 583 582 581
382 384 385 584 583
383 385 386 585 584
384 386 587 586 585
385 386 387 588 587
386 387 388 589 588
387 388 389 590 589
388 389 390 591 590
389 390 391 592 591
390 391 392 593 592
391 392 393 594 593
392 393 394 595 594
393 394 395 596 595
394 395 396 597 596
395 396 397 598 597
396 397 398 599 598
397 398 399 600 599
398 399 400 601 600
399 400 401 602 601
400 401 402 603 602
401 402 403 604 603
402 403 404 605 604
403 404 405 606 605
404 405 406 607 606
405 406 609 608 607
406 406 407 610 609
407 407 408 611 610
408 408 409 612 611
409 409 614 613 612
410 409 410 615 614
411 410 411 616 615
412 412 413 617 526
413 413 414 618 617
414 414 415 619 618
415 415 416 620 619
416 416 417 621 620
417 417 418 622 621
418 418 419 623 622
419 419 420 624 623
420 420 421 625 624
421 421 422 626 625
422 422 423 627 626
423 423 424 628 627
424 424 425 629 628
425 425 426 630 629
426 426 427 631 630
427 427 428 632 631
428 428 429 633 632
429 429 430 634 633
430 430 431 635 634
431 431 432 636 635
432 432 433 637 636
433 433 434 638 637
434 434 435 639 638
435 435 436 640 639
436 436 437 641 640
437 437 438 642 641
438 438 439 643 642
439 439 440 644 643
440 440 441 645 644
441 441 442 646 645
442 442 443 647 646
443 443 444 648 647
444 444 445 649 648
445 445 446 650 649
446 446 447 651 650
447 447 448 652 651
448 448 449 653 652
449 449 450 451 653
450 489 490 654 563
451 490 491 655 654
452 491 492 656 655
453 492 493 657 656
454 493 494 658 657
455 494 495 659 658
456 495 496 660 659
457 496 497 661 660
458 497 498 662 661
459 498 499 663 662
460 499 500 664 663
461 500 501 665 664
462 501 502 666 665
463 502 503 667 666
464 503 504 668 667
465 504 505 669 668
466 505 506 670 669
467 506 507 671 670
468 507 508 672 671
469 508 509 673 672
470 509 510 674 673
471 510 511 675 674
472 511 512 676 675
473 512 513 677 676
474 513 514 678 677
475 514 515 679 678
476 515 516 680 679
477 516 517 681 680
478 517 518 682 681
479 518 519 683 682
480 519 520 684 683
481 520 521 685 684
482 521 522 686 685
483 522 523 687 686
484 523 524 688 687
485 524 525 689 688
486 525 526 617 689
487 488 527 690 487
488 527 528 691 690
489 528 529 692 691
490 529 530 693 692
491 530 531 694 693
492 531 532 695 694
493 532 533 696 695
494 533 534 697 696
495 534 535 698 697
496 535 536 699 698
497 536 537 700 699
498 537 538 701 700
499 538 539 702 701
500 539 540 703 702
501 540 541 704 703
502 541 542 705 704
503 542 543 706 705
504 543 544 707 706
505 544 545 708 707
506 545 546 709 708
507 546 547 710 709
508 547 548 711 710
509 548 549 712 711
510 549 550 713 712
511 550 551 714 713
512 551 552 715 714
513 552 553 716 715
514 553 554 717 716
515 554 555 718 717
516 555 556 719 718
517 556 557 720 719
518 557 558 721 720
519 558 559 722 721
520 559 560 723 722
521 560 561 724 723
522 561 562 725 724
523 562 563 654 725
524 451 452 726 653
525 452 453 727 726
526 453 454 728 727
527 454 455 729 728
528 455 456 730 729
529 456 457 731 730
530 457 458 732 731
531 458 459 733 732
532 459 460 734 733
533 460 461 735 734
534 461 462 736 735
535 462 463 737 736
536 463 464 738 737
537 464 465 739 738
538 465 466 740 739
539 466 467 741 740
540 467 468 742 741
541 468 469 743 742
542 469 470 744 743
543 470 471 745 744
544 471 472 746 745
545 472 473 747 746
546 473 474 748 747
547 474 475 749 748
548 475 476 750 749
549 476 477 751 750
550 477 478 752 751
551 478 479 753 752
552 479 480 754 753
553 480 481 755 754
554 481 482 756 755
555 482 483 757 756
556 483 484 758 757
557 484 485 759 758
558 485 486 760 759
559 486 487 690 760
560 411 564 761 616
561 564 565 762 761
562 565 566 763 762
563 566 567 764 763
564 567 568 765 764
565 568 569 766 765
566 569 570 767 766
567 570 571 768 767
568 571 572 769 768
569 572 573 770 769
570 573 574 771 770
571 574 575 772 771
572 575 576 773 772
573 576 577 774 773
574 577 578 775 774
575 578 579 776 775
576 579 580 777 776
577 580 581 778 777
578 581 582 779 778
579 582 781 780 779
580 582 583 782 781
581 583 584 783 782
582 584 585 784 783
583 585 586 785 784
584 586 787 786 785
585 586 587 788 787
586 587 588 789 788
587 588 589 790 789
588 589 590 791 790
589 590 591 792 791
590 591 592 793 792
591 592 593 794 793
592 593 594 795 794
593 594 595 796 795
594 595 596 797 796
595 596 597 798 797
596 597 598 799 798
597 598 599 800 799
598 599 600 801 800
599 600 601 802 801
600 601 602 803 802
601 602 603 804 803
602 603 604 805 804
603 604 605 806 805
604 605 606 807 806
605 606 607 808 807
606 607 608 809 808
607 608 811 810 809
608 608 609 812 811
609 609 610 813 812
610 610 611 814 813
611 611 612 815 814
612 612 613 816 815
613 613 818 817 816
614 613 614 819 818
615 614 615 820 819
616 615 616 821 820
617 654 655 822 725
618 655 656 823 822
619 656 657 824 823
620 657 658 825 824
621 658 659 826 825
622 659 660 827 826
623 660 661 828 827
624 661 662 829 828
625 662 663 830 829
626 663 664 831 830
627 664 665 832 831
628 665 666 833 832
629 666 667 834 833
630 667 668 835 834
631 668 669 836 835
632 669 670 837 836
633 670 671 838 837
634 671 672 839 838
635 672 673 840 839
636 673 674 841 840
637 674 675 842 841
638 675 676 843 842
639 676 677 844 843
640 677 678 845 844
641 678 679 846 845
642 679 680 847 846
643 680 681 848 847
644 681 682 849 848
645 682 683 850 849
646 683 684 851 850
647 684 685 852 851
648 685 686 853 852
649 686 687 854 853
650 687 688 855 854
651 688 689 856 855
652 689 617 618 856
653 690 691 857 760
654 691 692 858 857
655 692 693 859 858
656 693 694 860 859
657 694 695 861 860
658 695 696 862 861
659 696 697 863 862
660 697 698 864 863
661 698 699 865 864
662 699 700 866 865
663 700 701 867 866
664 701 702 868 867
665 702 703 869 868
666 703 704 870 869
667 704 705 871 870
668 705 706 872 871
669 706 707 873 872
670 707 708 874 873
671 708 709 875 874
672 709 710 876 875
673 710 711 877 876
674 711 712 878 877
675 712 713 879 878
676 713 714 880 879
677 714 715 881 880
678 715 716 882 881
679 716 717 883 882
680 717 718 884 883
681 718 719 885 884
682 719 720 886 885
683 720 721 887 886
684 721 722 888 887
685 722 723 889 888
686 723 724 890 889
687 724 725 822 890
688 618 619 891 856
689 619 620 892 891
690 620 621 893 892
691 621 622 894 893
692 622 623 895 894
693 623 624 896 895
694 624 625 897 896
695 625 626 898 897
696 626 627 899 898
697 627 628 900 899
698 628 629 901 900
699 629 630 902 901
700 630 631 903 902
701 631 632 904 903
702 632 633 905 904
703 633 634 906 905
704 634 635 907 906
705 635 636 908 907
706 636 637 909 908
707 637 638 910 909
708 638 639 911 910
709 639 640 912 911
710 640 641 913 912
711 641 642 914 913
712 642 643 915 914
713 643 644 916 915
714 644 645 917 916
715 645 646 918 917
716 646 647 919 918
717 647 648 920 919
718 648 649 921 920
719 649 650 922 921
720 650 651 923 922
721 651 652 924 923
722 652 653 726 924
723 726 727 925 924
724 727 728 926 925
725 728 729 927 926
726 729 730 928 927
727 730 731 929 928
728 731 732 930 929
729 732 733 931 930
730 733 734 932 931
731 734 735 933 932
732 735 736 934 933
733 736 737 935 934
734 737 738 936 935
735 738 739 937 936
736 739 740 938 937
737 740 741 939 938
738 741 742 940 939
739 742 743 941 940
740 743 744 942 941
741 744 745 943 942
742 745 746 944 943
743 746 747 945 944
744 747 748 946 945
745 748 749 947 946
746 749 750 948 947
747 750 751 949 948
748 751 752 950 949
749 752 753 951 950
750 753 754 952 951
751 754 755 953 952
752 755 756 954 953
753 756 757 955 954
754 757 758 956 955
755 758 759 957 956
756 759 760 857 957
757 616 761 958 821
758 761 762 959 958
759 762 763 960 959
760 763 764 961 960
761 764 765 962 961
762 765 766 963 962
763 766 767 964 963
764 767 768 965 964
765 768 769 966 965
766 769 770 967 966
767 770 771 968 967
768 771 772 969 968
769 772 773 970 969
770 773 774 971 970
771 774 775 972 971
772 775 776 973 972
773 776 777 974 973
774 777 778 975 974
775 778 779 976 975
776 779 780 977 976
777 780 979 978 977
778 780 781 980 979
779 781 782 981 980
780 782 783 982 981
781 783 784 983 982
782 784 785 984 983
783 785 786 985 984
784 786 987 986 985
785 786 787 988 987
786 787 788 989 988
787 788 789 990 989
788 789 790 991 990
789 790 791 992 991
790 791 792 993 992
791 792 793 994 993
792 793 794 995 994
793 794 795 996 995
794 795 796 997 996
795 796 797 998 997
796 797 798 999 998
797 798 799 1000 999
798 799 800 1001 1000
799 800 801 1002 1001
800 801 802 1003 1002
801 802 803 1004 1003
802 803 804 1005 1004
803 804 805 1006 1005
804 805 806 1007 1006
805 806 807 1008 1007
806 807 808 1009 1008
807 808 809 1010 1009
808 809 810 1011 1010
809 810 1013 1012 1011
810 810 811 1014 1013
811 811 812 1015 1014
812 812 813 1016 1015
813 813 814 1017 1016
814 814 815 1018 1017
815 815 816 1019 1018
816 816 817 1020 1019
817 817 1022 1021 1020
818 817 818 1023 1022
819 818 819 1024 1023
820 819 820 1025 1024
821 820 821 1026 1025
822 822 823 1027 890
823 823 824 1028 1027
824 824 825 1029 1028
825 825 826 1030 1029
826 826 827 1031 1030
827 827 828 1032 1031
828 828 829 1033 1032
829 829 830 1034 1033
830 830 831 1035 1034
831 831 832 1036 1035
832 832 833 1037 1036
833 833 834 1038 1037
834 834 835 1039 1038
835 835 836 1040 1039
836 836 837 1041 1040
837 837 838 1042 1041
838 838 839 1043 1042
839 839 840 1044 1043
840 840 841 1045 1044
841 841 842 1046 1045
842 842 843 1047 1046
843 843 844 1048 1047
844 844 845 1049 1048
845 845 846 1050 1049
846 846 847 1051 1050
847 847 848 1052 1051
848 848 849 1053 1052
849 849 850 1054 1053
850 850 851 1055 1054
851 851 852 1056 1055
852 852 853 1057 1056
853 853 854 1058 1057
854 854 855 1059 1058
855 855 856 891 1059
856 891 892 1060 1059
857 892 893 1061 1060
858 893 894 1062 1061
859 894 895 1063 1062
860 895 896 1064 1063
861 896 897 1065 1064
862 897 898 1066 1065
863 898 899 1067 1066
864 899 900 1068 1067
865 900 901 1069 1068
866 901 902 1070 1069
867 902 903 1071 1070
868 903 904 1072 1071
869 904 905 1073 1072
870 905 906 1074 1073
871 906 907 1075 1074
872 907 908 1076 1075
873 908 909 1077 1076
874 909 910 1078 1077
875 910 911 1079 1078
876 911 912 1080 1079
877 912 913 1081 1080
878 913 914 1082 1081
879 914 915 1083 1082
880 915 916 1084 1083
881 916 917 1085 1084
882 917 918 1086 1085
883 918 919 1087 1086
884 919 920 1088 1087
885 920 921 1089 1088
886 921 922 1090 1089
887 922 923 1091 1090
888 923 924 925 1091
889 925 926 1092 1091
890 926 927 1093 1092
891 927 928 1094 1093
892 928 929 1095 1094
893 929 930 1096 1095
894 930 931 1097 1096
895 931 932 1098 1097
896 932 933 1099 1098
897 933 934 1100 1099
898 934 935 1101 1100
899 935 936 1102 1101
900 936 937 1103 1102
901 937 938 1104 1103
902 938 939 1105 1104
903 939 940 1106 1105
904 940 941 1107 1106
905 941 942 1108 1107
906 942 943 1109 1108
907 943 944 1110 1109
908 944 945 1111 1110
909 945 946 1112 1111
910 946 947 1113 1112
911 947 948 1114 1113
912 948 949 1115 1114
913 949 950 1116 1115
914 950 951 1117 1116
915 951 952 1118 1117
916 952 953 1119 1118
917 953 954 1120 1119
918 954 955 1121 1120
919 955 956 1122 1121
920 956 957 1123 1122
921 957 857 858 1123
922 858 859 1124 1123
923 859 860 1125 1124
924 860 861 1126 1125
925 861 862 1127 1126
926 862 863 1128 1127
927 863 864 1129 1128
928 864 865 1130 1129
929 865 866 1131 1130
930 866 867 1132 1131
931 867 868 1133 1132
932 868 869 1134 1133
933 869 870 1135 1134
934 870 871 1136 1135
935 871 872 1137 1136
936 872 873 1138 1137
937 873 874 1139 1138
938 874 875 1140 1139
939 875 876 1141 1140
940 876 877 1142 1141
941 877 878 1143 1142
942 878 879 1144 1143
943 879 880 1145 1144
944 880 881 1146 1145
945 881 882 1147 1146
946 882 883 1148 1147
947 883 884 1149 1148
948 884 885 1150 1149
949 885 886 1151 1150
950 886 887 1152 1151
951 887 888 1153 1152
952 888 889 1154 1153
953 889 890 1027 1154
954 821 958 1155 1026
955 958 959 1156 1155
956 959 960 1157 1156
957 960 961 1158 1157
958 961 962 1159 1158
959 962 963 1160 1159
960 963 964 1161 1160
961 964 965 1162 1161
962 965 966 1163 1162
963 966 967 1164 1163
964 967 968 1165 1164
965 968 969 1166 1165
966 969 970 1167 1166
967 970 971 1168 1167
968 971 972 1169 1168
969 972 973 1170 1169
970 973 974 1171 1170
971 974 975 1172 1171
972 975 976 1173 1172
973 976 977 1174 1173
974 977 978 1175 1174
975 978 1177 1176 1175
976 978 979 1178 1177
977 979 980 1179 1178
978 980 981 1180 1179
979 981 982 1181 1180
980 982 983 1182 1181
981 983 984 1183 1182
982 984 985 1184 1183
983 985 986 1185 1184
984 986 1187 1186 1185
985 986 987 1188 1187
986 987 988 1189 1188
987 988 989 1190 1189
988 989 990 1191 1190
989 990 991 1192 1191
990 991 992 1193 1192
991 992 993 1194 1193
992 993 994 1195 1194
993 994 995 1196 1195
994 995 996 1197 1196
995 996 997 1198 1197
996 997 998 1199 1198
997 998 999 1200 1199
998 999 1000 1201 1200
999 1000 1001 1202 1201
1000 1001 1002 1203 1202
1001 1002 1003 1204 1203
1002 1003 1004 1205 1204
1003 1004 1005 1206 1205
1004 1005 1006 1207 1206
1005 1006 1007 1208 1207
1006 1007 1008 1209 1208
1007 1008 1009 1210 1209
1008 1009 1010 1211 1210
1009 1010 1011 1212 1211
1010 1011 1012 1213 1212
1011 1012 1215 1214 1213
1012 1012 1013 1216 1215
1013 1013 1014 1217 1216
1014 1014 1015 1218 1217
1015 1015 1016 1219 1218
1016 1016 1017 1220 1219
1017 1017 1018 1221 1220
1018 1018 1019 1222 1221
1019 1019 1020 1223 1222
1020 1020 1021 1224 1223
1021 1021 1225 1547 1224
1022 1021 1022 1226 1225
1023 1022 1023 1227 1226
1024 1023 1024 1228 1227
1025 1024 1025 1229 1228
1026 1025 1026 1230 1229
1027 1027 1028 1231 1154
1028 1028 1029 1232 1231
1029 1029 1030 1233 1232
1030 1030 1031 1234 1233
1031 1031 1032 1235 1234
1032 1032 1033 1236 1235
1033 1033 1034 1237 1236
1034 1034 1035 1238 1237
1035 1035 1036 1239 1238
1036 1036 1037 1240 1239
1037 1037 1038 1241 1240
1038 1038 1039 1242 1241
1039 1039 1040 1243 1242
1040 1040 1041 1244 1243
1041 1041 1042 1245 1244
1042 1042 1043 1246 1245
1043 1043 1044 1247 1246
1044 1044 1045 1248 1247
1045 1045 1046 1249 1248
1046 1046 1047 1250 1249
1047 1047 1048 1251 1250
1048 1048 1049 1252 1251
1049 1049 1050 1253 1252
1050 1050 1051 1254 1253
1051 1051 1052 1255 1254
1052 1052 1053 1256 1255
1053 1053 1054 1257 1256
1054 1054 1055 1258 1257
1055 1055 1056 1259 1258
1056 1056 1057 1260 1259
1057 1057 1058 1261 1260
1058 1058 1059 1060 1261
1059 1060 1061 1262 1261
1060 1061 1062 1263 1262
1061 1062 1063 1264 1263
1062 1063 1064 1265 1264
1063 1064 1065 1266 1265
1064 1065 1066 1267 1266
1065 1066 1067 1268 1267
1066 1067 1068 1269 1268
1067 1068 1069 1270 1269
1068 1069 1070 1271 1270
1069 1070 1071 1272 1271
1070 1071 1072 1273 1272
1071 1072 1073 1274 1273
1072 1073 1074 1275 1274
1073 1074 1075 1276 1275
1074 1075 1076 1277 1276
1075 1078 1079 1370 1279
1076 1079 1080 1369 1370
1077 1080 1081 1280 1369
1078 1081 1082 1281 1280
1079 1082 1083 1282 1281
1080 1083 1084 1283 1282
1081 1084 1085 1284 1283
1082 1085 1086 1285 1284
1083 1086 1087 1286 1285
1084 1087 1088 1287 1286
1085 1088 1089 1288 1287
1086 1089 1090 1289 1288
1087 1090 1091 1092 1289
1088 1092 1093 1290 1289
1089 1093 1094 1291 1290
1090 1094 1095 1292 1291
1091 1095 1096 1293 1292
1092 1096 1097 1294 1293
1093 1097 1098 1295 1294
1094 1098 1099 1296 1295
1095 1099 1100 1297 1296
1096 1100 1101 1298 1297
1097 1101 1102 1299 1298
1098 1102 1103 1300 1299
1099 1103 1104 1301 1300
1100 1104 1105 1302 1301
1101 1105 1106 1303 1302
1102 1106 1107 1304 1303
1103 1107 1108 1305 1304
1104 1108 1109 1306 1305
1105 1109 1110 1307 1306
1106 1110 1111 1308 1307
1107 1111 1112 1309 1308
1108 1112 1113 1310 1309
1109 1113 1114 1311 1310
1110 1114 1115 1312 1311
1111 1115 1116 1313 1312
1112 1116 1117 1314 1313
1113 1117 1118 1315 1314
1114 1118 1119 1316 1315
1115 1119 1120 1317 1316
1116 1120 1121 1318 1317
1117 1121 1122 1319 1318
1118 1122 1123 1124 1319
1119 1124 1125 1320 1319
1120 1125 1126 1321 1320
1121 1126 1127 1322 1321
1122 1127 1128 1323 1322
1123 1128 1129 1324 1323
1124 1129 1130 1325 1324
1125 1130 1131 1326 1325
1126 1131 1132 1327 1326
1127 1132 1133 1328 1327
1128 1133 1134 1329 1328
1129 1134 1135 1330 1329
1130 1135 1136 1331 1330
1131 1136 1137 1332 1331
1132 1137 1138 1333 1332
1133 1138 1139 1334 1333
1134 1139 1140 1335 1334
1135 1140 1141 1336 1335
1136 1141 1142 1337 1336
1137 1142 1143 1401 1337
1138 1143 1144 1400 1401
1139 1144 1145 1338 1400
1140 1145 1146 1339 1338
1141 1146 1147 1340 1339
1142 1147 1148 1341 1340
1143 1148 1149 1342 1341
1144 1149 1150 1343 1342
1145 1150 1151 1344 1343
1146 1151 1152 1345 1344
1147 1152 1153 1346 1345
1148 1153 1154 1231 1346
1149 1026 1155 1347 1230
1150 1155 1156 1348 1347
1151 1156 1157 1349 1348
1152 1157 1158 1350 1349
1153 1158 1159 1351 1350
1154 1159 1160 1352 1351
1155 1160 1161 1353 1352
1156 1161 1162 1354 1353
1157 1162 1163 1355 1354
1158 1163 1164 1356 1355
1159 1164 1165 1357 1356
1160 1165 1166 1358 1357
1161 1166 1167 1359 1358
1162 1167 1168 1360 1359
1163 1168 1169 1361 1360
1164 1169 1170 1362 1361
1165 1170 1171 1363 1362
1166 1171 1172 1364 1363
1167 1172 1173 1365 1364
1168 1173 1174 1366 1365
1169 1174 1175 1367 1366
1170 1175 1176 1368 1367
1171 1176 1370 1369 1368
1172 1176 1177 1279 1370
1173 1177 1178 1278 1279
1174 1077 1078 1279 1278
1175 1178 1179 1277 1278
1176 1076 1077 1278 1277
1177 1179 1180 1181 1277
1178 1181 1182 1276 1277
1179 1182 1183 1275 1276
1180 1183 1184 1274 1275
1181 1184 1185 1273 1274
1182 1185 1186 1272 1273
1183 1272 1186 1371 1271
1184 1186 1187 1372 1371
1185 1187 1188 1373 1372
1186 1188 1189 1374 1373
1187 1189 1190 1375 1374
1188 1190 1191 1376 1375
1189 1191 1192 1377 1376
1190 1192 1193 1378 1377
1191 1193 1194 1379 1378
1192 1194 1195 1380 1379
1193 1195 1196 1381 1380
1194 1196 1197 1382 1381
1195 1197 1198 1383 1382
1196 1198 1199 1384 1383
1197 1199 1200 1385 1384
1198 1200 1201 1386 1385
1199 1201 1202 1387 1386
1200 1202 1203 1388 1387
1201 1203 1204 1389 1388
1202 1204 1205 1390 1389
1203 1205 1206 1391 1390
1204 1206 1207 1392 1391
1205 1207 1208 1393 1392
1206 1208 1209 1394 1393
1207 1209 1210 1395 1394
1208 1210 1211 1396 1395
1209 1211 1212 1397 1396
1210 1212 1213 1398 1397
1211 1213 1214 1399 1398
1212 1214 1401 1400 1399
1213 1214 1215 1337 1401
1214 1215 1216 1336 1337
1215 1216 1217 1218 1336
1216 1218 1219 1335 1336
1217 1219 1220 1334 1335
1218 1261 1262 1402 1260
1219 1262 1263 1403 1402
1220 1263 1264 1404 1403
1221 1264 1265 1405 1404
1222 1265 1266 1406 1405
1223 1266 1267 1407 1406
1224 1267 1268 1408 1407
1225 1268 1269 1409 1408
1226 1269 1270 1410 1409
1227 1270 1271 1371 1410
1228 1400 1338 1411 1399
1229 1338 1339 1412 1411
1230 1339 1340 1413 1412
1231 1340 1341 1414 1413
1232 1341 1342 1415 1414
1233 1342 1343 1416 1415
1234 1343 1344 1417 1416
1235 1344 1345 1418 1417
1236 1345 1346 1419 1418
1237 1346 1231 1232 1419
1238 1371 1372 1420 1410
1239 1372 1373 1421 1420
1240 1373 1374 1422 1421
1241 1374 1375 1423 1422
1242 1375 1376 1424 1423
1243 1376 1377 1425 1424
1244 1377 1378 1426 1425
1245 1378 1379 1427 1426
1246 1379 1380 1428 1427
1247 1380 1381 1429 1428
1248 1381 1382 1430 1429
1249 1382 1383 1431 1430
1250 1383 1384 1432 1431
1251 1384 1385 1433 1432
1252 1385 1386 1434 1433
1253 1386 1387 1435 1434
1254 1387 1388 1436 1435
1255 1388 1389 1437 1436
1256 1389 1390 1438 1437
1257 1390 1391 1439 1438
1258 1391 1392 1440 1439
1259 1392 1393 1441 1440
1260 1393 1394 1442 1441
1261 1394 1395 1443 1442
1262 1395 1396 1444 1443
1263 1396 1397 1445 1444
1264 1397 1398 1446 1445
1265 1398 1399 1411 1446
1266 1232 1233 1447 1419
1267 1233 1234 1448 1447
1268 1234 1235 1449 1448
1269 1235 1236 1450 1449
1270 1236 1237 1451 1450
1271 1237 1238 1452 1451
1272 1238 1239 1453 1452
1273 1239 1240 1454 1453
1274 1240 1241 1455 1454
1275 1241 1242 1456 1455
1276 1242 1243 1457 1456
1277 1243 1244 1458 1457
1278 1244 1245 1459 1458
1279 1245 1246 1460 1459
1280 1246 1247 1461 1460
1281 1247 1248 1462 1461
1282 1248 1249 1463 1462
1283 1249 1250 1464 1463
1284 1250 1251 1465 1464
1285 1251 1252 1466 1465
1286 1252 1253 1467 1466
1287 1253 1254 1468 1467
1288 1254 1255 1469 1468
1289 1255 1256 1470 1469
1290 1256 1257 1471 1470
1291 1257 1258 1472 1471
1292 1258 1259 1473 1472
1293 1259 1260 1402 1473
1294 1220 1221 1333 1334
1295 1402 1403 1474 1473
1296 1403 1404 1475 1474
1297 1404 1405 1476 1475
1298 1405 1406 1477 1476
1299 1406 1407 1478 1477
1300 1407 1408 1479 1478
1301 1408 1409 1480 1479
1302 1409 1410 1420 1480
1303 1221 1222 1332 1333
1304 1411 1412 1481 1446
1305 1412 1413 1482 1481
1306 1413 1414 1483 1482
1307 1414 1415 1484 1483
1308 1415 1416 1485 1484
1309 1416 1417 1486 1485
1310 1417 1418 1487 1486
1311 1418 1419 1447 1487
1312 1222 1223 1331 1332
1313 1420 1421 1488 1480
1314 1421 1422 1489 1488
1315 1422 1423 1490 1489
1316 1423 1424 1491 1490
1317 1424 1425 1492 1491
1318 1425 1426 1493 1492
1319 1426 1427 1494 1493
1320 1427 1428 1495 1494
1321 1428 1429 1496 1495
1322 1429 1430 1497 1496
1323 1430 1431 1498 1497
1324 1431 1432 1499 1498
1325 1432 1433 1500 1499
1326 1433 1434 1501 1500
1327 1434 1435 1502 1501
1328 1435 1436 1503 1502
1329 1436 1437 1504 1503
1330 1437 1438 1505 1504
1331 1438 1439 1506 1505
1332 1439 1440 1507 1506
1333 1440 1441 1508 1507
1334 1441 1442 1509 1508
1335 1442 1443 1510 1509
1336 1443 1444 1511 1510
1337 1444 1445 1512 1511
1338 1445 1446 1481 1512
1339 1223 1224 1330 1331
1340 1447 1448 1513 1487
1341 1448 1449 1514 1513
1342 1449 1450 1515 1514
1343 1450 1451 1516 1515
1344 1451 1452 1517 1516
1345 1452 1453 1518 1517
1346 1453 1454 1519 1518
1347 1454 1455 1520 1519
1348 1455 1456 1521 1520
1349 1456 1457 1522 1521
1350 1457 1458 1523 1522
1351 1458 1459 1524 1523
1352 1459 1460 1525 1524
1353 1460 1461 1526 1525
1354 1461 1462 1527 1526
1355 1462 1463 1528 1527
1356 1463 1464 1529 1528
1357 1464 1465 1530 1529
1358 1465 1466 1531 1530
1359 1466 1467 1532 1531
1360 1467 1468 1533 1532
1361 1468 1469 1534 1533
1362 1469 1470 1535 1534
1363 1470 1471 1536 1535
1364 1471 1472 1537 1536
1365 1472 1473 1474 1537
1366 1319 1320 1538 1318
1367 1320 1321 1539 1538
1368 1321 1322 1540 1539
1369 1322 1323 1541 1540
1370 1323 1324 1542 1541
1371 1324 1325 1543 1542
1372 1325 1326 1544 1543
1373 1326 1327 1545 1544
1374 1327 1328 1546 1545
1375 1328 1329 1547 1546
1376 1329 1330 1224 1547
1377 1369 1280 1548 1368
1378 1280 1281 1549 1548
1379 1281 1282 1550 1549
1380 1282 1283 1551 1550
1381 1283 1284 1552 1551
1382 1284 1285 1553 1552
1383 1285 1286 1554 1553
1384 1286 1287 1555 1554
1385 1287 1288 1556 1555
1386 1288 1289 1290 1556
1387 1547 1225 1557 1546
1388 1225 1226 1558 1557
1389 1226 1227 1559 1558
1390 1227 1228 1560 1559
1391 1228 1229 1561 1560
1392 1229 1230 1562 1561
1393 1230 1347 1563 1562
1394 1347 1348 1564 1563
1395 1348 1349 1565 1564
1396 1349 1350 1566 1565
1397 1350 1351 1567 1566
1398 1351 1352 1568 1567
1399 1352 1353 1569 1568
1400 1353 1354 1570 1569
1401 1354 1355 1571 1570
1402 1355 1356 1572 1571
1403 1356 1357 1573 1572
1404 1357 1358 1574 1573
1405 1358 1359 1575 1574
1406 1359 1360 1576 1575
1407 1360 1361 1577 1576
1408 1361 1362 1578 1577
1409 1362 1363 1579 1578
1410 1363 1364 1580 1579
1411 1364 1365 1581 1580
1412 1365 1366 1582 1581
1413 1366 1367 1583 1582
1414 1367 1368 1548 1583
1415 1290 1291 1584 1556
1416 1291 1292 1585 1584
1417 1292 1293 1586 1585
1418 1293 1294 1587 1586
1419 1294 1295 1588 1587
1420 1295 1296 1589 1588
1421 1296 1297 1590 1589
1422 1297 1298 1591 1590
1423 1298 1299 1592 1591
1424 1299 1300 1593 1592
1425 1300 1301 1594 1593
1426 1301 1302 1595 1594
1427 1302 1303 1596 1595
1428 1303 1304 1597 1596
1429 1304 1305 1598 1597
1430 1305 1306 1599 1598
1431 1306 1307 1600 1599
1432 1307 1308 1601 1600
1433 1308 1309 1602 1601
1434 1309 1310 1603 1602
1435 1310 1311 1604 1603
1436 1311 1312 1605 1604
1437 1312 1313 1606 1605
1438 1313 1314 1607 1606
1439 1314 1315 1608 1607
1440 1315 1316 1609 1608
1441 1316 1317 1610 1609
1442 1317 1318 1538 1610
1443 1538 1539 1611 1610
1444 1539 1540 1612 1611
1445 1540 1541 1613 1612
1446 1541 1542 1614 1613
1447 1542 1543 1615 1614
1448 1543 1544 1616 1615
1449 1544 1545 1617 1616
1450 1545 1546 1557 1617
1451 1548 1549 1618 1583
1452 1549 1550 1619 1618
1453 1550 1551 1620 1619
1454 1551 1552 1621 1620
1455 1552 1553 1622 1621
1456 1553 1554 1623 1622
1457 1554 1555 1624 1623
1458 1555 1556 1584 1624
1459 1557 1558 1625 1617
1460 1558 1559 1626 1625
1461 1559 1560 1627 1626
1462 1560 1561 1628 1627
1463 1561 1562 1629 1628
1464 1562 1563 1630 1629
1465 1563 1564 1631 1630
1466 1564 1565 1632 1631
1467 1565 1566 1633 1632
1468 1566 1567 1634 1633
1469 1567 1568 1635 1634
1470 1568 1569 1636 1635
1471 1569 1570 1637 1636
1472 1570 1571 1638 1637
1473 1571 1572 1639 1638
1474 1572 1573 1640 1639
1475 1573 1574 1641 1640
1476 1574 1575 1642 1641
1477 1575 1576 1643 1642
1478 1576 1577 1644 1643
1479 1577 1578 1645 1644
1480 1578 1579 1646 1645
1481 1579 1580 1647 1646
1482 1580 1581 1648 1647
1483 1581 1582 1649 1648
1484 1582 1583 1618 1649
1485 1584 1585 1650 1624
1486 1585 1586 1651 1650
1487 1586 1587 1652 1651
1488 1587 1588 1653 1652
1489 1588 1589 1654 1653
1490 1589 1590 1655 1654
1491 1590 1591 1656 1655
1492 1591 1592 1657 1656
1493 1592 1593 1658 1657
1494 1593 1594 1659 1658
1495 1594 1595 1660 1659
1496 1595 1596 1661 1660
1497 1596 1597 1662 1661
1498 1597 1598 1663 1662
1499 1598 1599 1664 1663
1500 1599 1600 1665 1664
1501 1600 1601 1666 1665
1502 1601 1602 1667 1666
1503 1602 1603 1668 1667
1504 1603 1604 1669 1668
1505 1604 1605 1670 1669
1506 1605 1606 1671 1670
1507 1606 1607 1672 1671
1508 1607 1608 1673 1672
1509 1608 1609 1674 1673
1510 1609 1610 1611 1674
1511 1618 1619 1675 1649
1512 1619 1620 1676 1675
1513 1620 1621 1677 1676
1514 1621 1622 1678 1677
1515 1622 1623 1679 1678
1516 1623 1624 1650 1679
1517 1611 1612 1680 1674
1518 1612 1613 1681 1680
1519 1613 1614 1682 1681
1520 1614 1615 1683 1682
1521 1615 1616 1684 1683
1522 1616 1617 1625 1684
1523 1625 1626 1685 1684
1524 1626 1627 1686 1685
1525 1627 1628 1687 1686
1526 1628 1629 1688 1687
1527 1629 1630 1689 1688
1528 1630 1631 1690 1689
1529 1631 1632 1691 1690
1530 1632 1633 1692 1691
1531 1633 1634 1693 1692
1532 1634 1635 1694 1693
1533 1635 1636 1695 1694
1534 1636 1637 1696 1695
1535 1637 1638 1697 1696
1536 1638 1639 1698 1697
1537 1639 1640 1699 1698
1538 1640 1641 1700 1699
1539 1641 1642 1701 1700
1540 1642 1643 1702 1701
1541 1643 1644 1703 1702
1542 1644 1645 1704 1703
1543 1645 1646 1705 1704
1544 1646 1647 1706 1705
1545 1647 1648 1707 1706
1546 1648 1649 1675 1707
1547 1650 1651 1708 1679
1548 1651 1652 1709 1708
1549 1652 1653 1710 1709
1550 1653 1654 1711 1710
1551 1654 1655 1712 1711
1552 1655 1656 1713 1712
1553 1656 1657 1714 1713
1554 1657 1658 1715 1714
1555 1658 1659 1716 1715
1556 1659 1660 1717 1716
1557 1660 1661 1718 1717
1558 1661 1662 1719 1718
1559 1662 1663 1720 1719
1560 1663 1664 1721 1720
1561 1664 1665 1722 1721
1562 1665 1666 1723 1722
1563 1666 1667 1724 1723
1564 1667 1668 1725 1724
1565 1668 1669 1726 1725
1566 1669 1670 1727 1726
1567 1670 1671 1728 1727
1568 1671 1672 1729 1728
1569 1672 1673 1730 1729
1570 1673 1674 1680 1730
1571 1481 1482 1731 1512
1572 1482 1483 1732 1731
1573 1483 1484 1733 1732
1574 1484 1485 1734 1733
1575 1485 1486 1735 1734
1576 1486 1487 1513 1735
1577 1474 1475 1736 1537
1578 1475 1476 1737 1736
1579 1476 1477 1738 1737
1580 1477 1478 1739 1738
1581 1478 1479 1740 1739
1582 1479 1480 1488 1740
1583 1513 1514 1741 1735
1584 1514 1515 1742 1741
1585 1515 1516 1743 1742
1586 1516 1517 1744 1743
1587 1517 1518 1745 1744
1588 1518 1519 1746 1745
1589 1519 1520 1747 1746
1590 1520 1521 1748 1747
1591 1521 1522 1749 1748
1592 1522 1523 1750 1749
1593 1523 1524 1751 1750
1594 1524 1525 1752 1751
1595 1525 1526 1753 1752
1596 1526 1527 1754 1753
1597 1527 1528 1755 1754
1598 1528 1529 1756 1755
1599 1529 1530 1757 1756
1600 1530 1531 1758 1757
1601 1531 1532 1759 1758
1602 1532 1533 1760 1759
1603 1533 1534 1761 1760
1604 1534 1535 1762 1761
1605 1535 1536 1763 1762
1606 1536 1537 1736 1763
1607 1488 1489 1739 1740
1608 1489 1490 1790 1739
1609 1490 1491 1764 1790
1610 1491 1492 1765 1764
1611 1492 1493 1766 1765
1612 1493 1494 1767 1766
1613 1494 1495 1768 1767
1614 1495 1496 1769 1768
1615 1496 1497 1770 1769
1616 1497 1498 1771 1770
1617 1498 1499 1772 1771
1618 1499 1500 1773 1772
1619 1500 1501 1774 1773
1620 1501 1502 1775 1774
1621 1502 1503 1776 1775
1622 1503 1504 1777 1776
1623 1504 1505 1778 1777
1624 1505 1506 1779 1778
1625 1506 1507 1780 1779
1626 1507 1508 1781 1780
1627 1508 1509 1782 1781
1628 1509 1510 1783 1782
1629 1510 1511 1784 1783
1630 1511 1512 1731 1784
1631 1731 1732 1785 1784
1632 1732 1733 1786 1785
1633 1733 1734 1787 1786
1634 1734 1735 1741 1787
1635 1736 1737 1788 1763
1636 1737 1738 1789 1788
1637 1738 1739 1790 1789
1638 1741 1742 1791 1787
1639 1742 1743 1792 1791
1640 1743 1744 1793 1792
1641 1744 1745 1794 1793
1642 1745 1746 1795 1794
1643 1746 1747 1796 1795
1644 1747 1748 1797 1796
1645 1748 1749 1798 1797
1646 1749 1750 1799 1798
1647 1750 1751 1800 1799
1648 1751 1752 1801 1800
1649 1752 1753 1802 1801
1650 1753 1754 1803 1802
1651 1754 1755 1804 1803
1652 1755 1756 1805 1804
1653 1756 1757 1806 1805
1654 1757 1758 1807 1806
1655 1758 1759 1854 1807
1656 1759 1760 1853 1854
1657 1760 1761 1852 1853
1658 1761 1762 1808 1852
1659 1762 1763 1788 1808
1660 1675 1676 1809 1707
1661 1676 1677 1810 1809
1662 1677 1678 1811 1810
1663 1678 1679 1708 1811
1664 1680 1681 1812 1730
1665 1681 1682 1813 1812
1666 1682 1683 1814 1813
1667 1683 1684 1685 1814
1668 1708 1709 1815 1811
1669 1709 1710 1816 1815
1670 1710 1711 1817 1816
1671 1711 1712 1818 1817
1672 1712 1713 1819 1818
1673 1713 1714 1820 1819
1674 1714 1715 1821 1820
1675 1715 1716 1822 1821
1676 1716 1717 1823 1822
1677 1717 1718 1824 1823
1678 1718 1719 1825 1824
1679 1719 1720 1826 1825
1680 1720 1721 1827 1826
1681 1721 1722 1828 1827
1682 1722 1723 1829 1828
1683 1723 1724 1836 1829
1684 1724 1725 1835 1836
1685 1725 1726 1834 1835
1686 1726 1727 1830 1834
1687 1727 1728 1874 1830
1688 1728 1729 1873 1874
1689 1729 1730 1812 1873
1690 1685 1686 1831 1814
1691 1686 1687 1832 1831
1692 1687 1688 1833 1832
1693 1688 1689 1834 1833
1694 1689 1690 1835 1834
1695 1690 1691 1836 1835
1696 1691 1692 1837 1836
1697 1692 1693 1838 1837
1698 1693 1694 1839 1838
1699 1694 1695 1840 1839
1700 1695 1696 1841 1840
1701 1696 1697 1842 1841
1702 1697 1698 1843 1842
1703 1698 1699 1844 1843
1704 1699 1700 1845 1844
1705 1700 1701 1846 1845
1706 1701 1702 1847 1846
1707 1702 1703 1848 1847
1708 1703 1704 1849 1848
1709 1704 1705 1850 1849
1710 1705 1706 1851 1850
1711 1706 1707 1809 1851
1712 1790 1764 1852 1789
1713 1764 1765 1853 1852
1714 1765 1766 1854 1853
1715 1766 1767 1855 1854
1716 1767 1768 1856 1855
1717 1768 1769 1857 1856
1718 1769 1770 1858 1857
1719 1770 1771 1859 1858
1720 1771 1772 1860 1859
1721 1772 1773 1861 1860
1722 1773 1774 1862 1861
1723 1774 1775 1863 1862
1724 1775 1776 1864 1863
1725 1776 1777 1865 1864
1726 1777 1778 1866 1865
1727 1778 1779 1867 1866
1728 1779 1780 1868 1867
1729 1780 1781 1869 1868
1730 1781 1782 1870 1869
1731 1782 1783 1871 1870
1732 1783 1784 1785 1871
1733 1785 1786 1870 1871
1734 1786 1787 1791 1870
1735 1791 1792 1869 1870
1736 1809 1810 1850 1851
1737 1810 1811 1815 1850
1738 1792 1793 1868 1869
1739 1812 1813 1872 1873
1740 1813 1814 1831 1872
1741 1793 1794 1867 1868
1742 1831 1832 1873 1872
1743 1832 1833 1874 1873
1744 1794 1795 1866 1867
1745 1815 1816 1849 1850
1746 1795 1796 1865 1866
1747 1816 1817 1848 1849
1748 1796 1797 1864 1865
1749 1817 1818 1847 1848
1750 1864 1797 1798 1863
1751 1818 1819 1846 1847
1752 1863 1798 1799 1862
1753 1819 1820 1845 1846
1754 1799 1800 1861 1862
1755 1845 1820 1821 1844
1756 1861 1800 1801 1860
1757 1844 1821 1822 1843
1758 1860 1801 1802 1859
1759 1822 1823 1842 1843
1760 1802 1803 1858 1859
1761 1842 1823 1824 1841
1762 1858 1803 1804 1857
1763 1841 1824 1825 1840
1764 1857 1804 1805 1856
1765 1825 1826 1839 1840
1766 1805 1806 1855 1856
1767 1839 1826 1827 1838
1768 1855 1806 1807 1854
1769 1838 1827 1828 1837
1770 1852 1808 1788 1789
1771 1828 1829 1836 1837
1772 1834 1830 1874 1833
