882
1 43 2 2651 2754
2 42 43 2754 2753
3 41 42 2753 2752
4 40 41 2752 2751
5 39 40 2751 2750
6 38 39 2750 2749
7 37 38 2749 2748
8 36 37 2748 2747
9 35 36 2747 2746
10 34 35 2746 2745
11 33 34 2745 2744
12 32 33 2744 2743
13 31 32 2743 2742
14 30 31 2742 2741
15 29 30 2741 2740
16 28 29 2740 2739
17 27 28 2739 2738
18 26 27 2738 2737
19 25 26 2737 2736
20 24 25 2736 2735
21 23 24 2735 2734
22 22 23 2734 2733
23 21 22 2733 2732
24 20 21 2732 2731
25 19 20 2731 2730
26 18 19 2730 2729
27 17 18 2729 2728
28 16 17 2728 2727
29 15 16 2727 2726
30 14 15 2726 2725
31 13 14 2725 2724
32 12 13 2724 2723
33 11 12 2723 2722
34 10 11 2722 2721
35 9 10 2721 2720
36 8 9 2720 2719
37 7 8 2719 2718
38 6 7 2718 2717
39 5 6 2717 2716
40 4 5 2716 2715
41 3 4 2715 2714
42 1 3 2714 2713
1773 2754 2651 2650 2795
1774 2753 2754 2795 2794
1775 2752 2753 2794 2793
1776 2751 2752 2793 2792
1777 2750 2751 2792 2791
1778 2749 2750 2791 2790
1779 2748 2749 2790 2789
1780 2747 2748 2789 2788
1781 2746 2747 2788 2787
1782 2745 2746 2787 2786
1783 2744 2745 2786 2785
1784 2743 2744 2785 2784
1785 2742 2743 2784 2783
1786 2741 2742 2783 2782
1787 2740 2741 2782 2781
1788 2739 2740 2781 2780
1789 2738 2739 2780 2779
1790 2737 2738 2779 2778
1791 2736 2737 2778 2777
1792 2735 2736 2777 2776
1793 2734 2735 2776 2775
1794 2733 2734 2775 2774
1795 2732 2733 2774 2773
1796 2731 2732 2773 2772
1797 2730 2731 2772 2771
1798 2729 2730 2771 2770
1799 2728 2729 2770 2769
1800 2727 2728 2769 2768
1801 2726 2727 2768 2767
1802 2725 2726 2767 2766
1803 2724 2725 2766 2765
1804 2723 2724 2765 2764
1805 2722 2723 2764 2763
1806 2721 2722 2763 2762
1807 2720 2721 2762 2761
1808 2719 2720 2761 2760
1809 2718 2719 2760 2759
1810 2717 2718 2759 2758
1811 2716 2717 2758 2757
1812 2715 2716 2757 2756
1813 2714 2715 2756 2755
1814 2713 2714 2755 2712
3545 2795 2650 2649 2836
3546 2794 2795 2836 2835
3547 2793 2794 2835 2834
3548 2792 2793 2834 2833
3549 2791 2792 2833 2832
3550 2790 2791 2832 2831
3551 2789 2790 2831 2830
3552 2788 2789 2830 2829
3553 2787 2788 2829 2828
3554 2786 2787 2828 2827
3555 2785 2786 2827 2826
3556 2784 2785 2826 2825
3557 2783 2784 2825 2824
3558 2782 2783 2824 2823
3559 2781 2782 2823 2822
3560 2780 2781 2822 2821
3561 2779 2780 2821 2820
3562 2778 2779 2820 2819
3563 2777 2778 2819 2818
3564 2776 2777 2818 2817
3565 2775 2776 2817 2816
3566 2774 2775 2816 2815
3567 2773 2774 2815 2814
3568 2772 2773 2814 2813
3569 2771 2772 2813 2812
3570 2770 2771 2812 2811
3571 2769 2770 2811 2810
3572 2768 2769 2810 2809
3573 2767 2768 2809 2808
3574 2766 2767 2808 2807
3575 2765 2766 2807 2806
3576 2764 2765 2806 2805
3577 2763 2764 2805 2804
3578 2762 2763 2804 2803
3579 2761 2762 2803 2802
3580 2760 2761 2802 2801
3581 2759 2760 2801 2800
3582 2758 2759 2800 2799
3583 2757 2758 2799 2798
3584 2756 2757 2798 2797
3585 2755 2756 2797 2796
3586 2712 2755 2796 2711
5317 2836 2649 2648 2877
5318 2835 2836 2877 2876
5319 2834 2835 2876 2875
5320 2833 2834 2875 2874
5321 2832 2833 2874 2873
5322 2831 2832 2873 2872
5323 2830 2831 2872 2871
5324 2829 2830 2871 2870
5325 2828 2829 2870 2869
5326 2827 2828 2869 2868
5327 2826 2827 2868 2867
5328 2825 2826 2867 2866
5329 2824 2825 2866 2865
5330 2823 2824 2865 2864
5331 2822 2823 2864 2863
5332 2821 2822 2863 2862
5333 2820 2821 2862 2861
5334 2819 2820 2861 2860
5335 2818 2819 2860 2859
5336 2817 2818 2859 2858
5337 2816 2817 2858 2857
5338 2815 2816 2857 2856
5339 2814 2815 2856 2855
5340 2813 2814 2855 2854
5341 2812 2813 2854 2853
5342 2811 2812 2853 2852
5343 2810 2811 2852 2851
5344 2809 2810 2851 2850
5345 2808 2809 2850 2849
5346 2807 2808 2849 2848
5347 2806 2807 2848 2847
5348 2805 2806 2847 2846
5349 2804 2805 2846 2845
5350 2803 2804 2845 2844
5351 2802 2803 2844 2843
5352 2801 2802 2843 2842
5353 2800 2801 2842 2841
5354 2799 2800 2841 2840
5355 2798 2799 2840 2839
5356 2797 2798 2839 2838
5357 2796 2797 2838 2837
5358 2711 2796 2837 2710
7089 2877 2648 2647 2918
7090 2876 2877 2918 2917
7091 2875 2876 2917 2916
7092 2874 2875 2916 2915
7093 2873 2874 2915 2914
7094 2872 2873 2914 2913
7095 2871 2872 2913 2912
7096 2870 2871 2912 2911
7097 2869 2870 2911 2910
7098 2868 2869 2910 2909
7099 2867 2868 2909 2908
7100 2866 2867 2908 2907
7101 2865 2866 2907 2906
7102 2864 2865 2906 2905
7103 2863 2864 2905 2904
7104 2862 2863 2904 2903
7105 2861 2862 2903 2902
7106 2860 2861 2902 2901
7107 2859 2860 2901 2900
7108 2858 2859 2900 2899
7109 2857 2858 2899 2898
7110 2856 2857 2898 2897
7111 2855 2856 2897 2896
7112 2854 2855 2896 2895
7113 2853 2854 2895 2894
7114 2852 2853 2894 2893
7115 2851 2852 2893 2892
7116 2850 2851 2892 2891
7117 2849 2850 2891 2890
7118 2848 2849 2890 2889
7119 2847 2848 2889 2888
7120 2846 2847 2888 2887
7121 2845 2846 2887 2886
7122 2844 2845 2886 2885
7123 2843 2844 2885 2884
7124 2842 2843 2884 2883
7125 2841 2842 2883 2882
7126 2840 2841 2882 2881
7127 2839 2840 2881 2880
7128 2838 2839 2880 2879
7129 2837 2838 2879 2878
7130 2710 2837 2878 2709
8861 2918 2647 2646 2959
8862 2917 2918 2959 2958
8863 2916 2917 2958 2957
8864 2915 2916 2957 2956
8865 2914 2915 2956 2955
8866 2913 2914 2955 2954
8867 2912 2913 2954 2953
8868 2911 2912 2953 2952
8869 2910 2911 2952 2951
8870 2909 2910 2951 2950
8871 2908 2909 2950 2949
8872 2907 2908 2949 2948
8873 2906 2907 2948 2947
8874 2905 2906 2947 2946
8875 2904 2905 2946 2945
8876 2903 2904 2945 2944
8877 2902 2903 2944 2943
8878 2901 2902 2943 2942
8879 2900 2901 2942 2941
8880 2899 2900 2941 2940
8881 2898 2899 2940 2939
8882 2897 2898 2939 2938
8883 2896 2897 2938 2937
8884 2895 2896 2937 2936
8885 2894 2895 2936 2935
8886 2893 2894 2935 2934
8887 2892 2893 2934 2933
8888 2891 2892 2933 2932
8889 2890 2891 2932 2931
8890 2889 2890 2931 2930
8891 2888 2889 2930 2929
8892 2887 2888 2929 2928
8893 2886 2887 2928 2927
8894 2885 2886 2927 2926
8895 2884 2885 2926 2925
8896 2883 2884 2925 2924
8897 2882 2883 2924 2923
8898 2881 2882 2923 2922
8899 2880 2881 2922 2921
8900 2879 2880 2921 2920
8901 2878 2879 2920 2919
8902 2709 2878 2919 2708
10633 2959 2646 2645 3000
10634 2958 2959 3000 2999
10635 2957 2958 2999 2998
10636 2956 2957 2998 2997
10637 2955 2956 2997 2996
10638 2954 2955 2996 2995
10639 2953 2954 2995 2994
10640 2952 2953 2994 2993
10641 2951 2952 2993 2992
10642 2950 2951 2992 2991
10643 2949 2950 2991 2990
10644 2948 2949 2990 2989
10645 2947 2948 2989 2988
10646 2946 2947 2988 2987
10647 2945 2946 2987 2986
10648 2944 2945 2986 2985
10649 2943 2944 2985 2984
10650 2942 2943 2984 2983
10651 2941 2942 2983 2982
10652 2940 2941 2982 2981
10653 2939 2940 2981 2980
10654 2938 2939 2980 2979
10655 2937 2938 2979 2978
10656 2936 2937 2978 2977
10657 2935 2936 2977 2976
10658 2934 2935 2976 2975
10659 2933 2934 2975 2974
10660 2932 2933 2974 2973
10661 2931 2932 2973 2972
10662 2930 2931 2972 2971
10663 2929 2930 2971 2970
10664 2928 2929 2970 2969
10665 2927 2928 2969 2968
10666 2926 2927 2968 2967
10667 2925 2926 2967 2966
10668 2924 2925 2966 2965
10669 2923 2924 2965 2964
10670 2922 2923 2964 2963
10671 2921 2922 2963 2962
10672 2920 2921 2962 2961
10673 2919 2920 2961 2960
10674 2708 2919 2960 2707
12405 3000 2645 2644 3041
12406 2999 3000 3041 3040
12407 2998 2999 3040 3039
12408 2997 2998 3039 3038
12409 2996 2997 3038 3037
12410 2995 2996 3037 3036
12411 2994 2995 3036 3035
12412 2993 2994 3035 3034
12413 2992 2993 3034 3033
12414 2991 2992 3033 3032
12415 2990 2991 3032 3031
12416 2989 2990 3031 3030
12417 2988 2989 3030 3029
12418 2987 2988 3029 3028
12419 2986 2987 3028 3027
12420 2985 2986 3027 3026
12421 2984 2985 3026 3025
12422 2983 2984 3025 3024
12423 2982 2983 3024 3023
12424 2981 2982 3023 3022
12425 2980 2981 3022 3021
12426 2979 2980 3021 3020
12427 2978 2979 3020 3019
12428 2977 2978 3019 3018
12429 2976 2977 3018 3017
12430 2975 2976 3017 3016
12431 2974 2975 3016 3015
12432 2973 2974 3015 3014
12433 2972 2973 3014 3013
12434 2971 2972 3013 3012
12435 2970 2971 3012 3011
12436 2969 2970 3011 3010
12437 2968 2969 3010 3009
12438 2967 2968 3009 3008
12439 2966 2967 3008 3007
12440 2965 2966 3007 3006
12441 2964 2965 3006 3005
12442 2963 2964 3005 3004
12443 2962 2963 3004 3003
12444 2961 2962 3003 3002
12445 2960 2961 3002 3001
12446 2707 2960 3001 2706
14177 3041 2644 2643 3082
14178 3040 3041 3082 3081
14179 3039 3040 3081 3080
14180 3038 3039 3080 3079
14181 3037 3038 3079 3078
14182 3036 3037 3078 3077
14183 3035 3036 3077 3076
14184 3034 3035 3076 3075
14185 3033 3034 3075 3074
14186 3032 3033 3074 3073
14187 3031 3032 3073 3072
14188 3030 3031 3072 3071
14189 3029 3030 3071 3070
14190 3028 3029 3070 3069
14191 3027 3028 3069 3068
14192 3026 3027 3068 3067
14193 3025 3026 3067 3066
14194 3024 3025 3066 3065
14195 3023 3024 3065 3064
14196 3022 3023 3064 3063
14197 3021 3022 3063 3062
14198 3020 3021 3062 3061
14199 3019 3020 3061 3060
14200 3018 3019 3060 3059
14201 3017 3018 3059 3058
14202 3016 3017 3058 3057
14203 3015 3016 3057 3056
14204 3014 3015 3056 3055
14205 3013 3014 3055 3054
14206 3012 3013 3054 3053
14207 3011 3012 3053 3052
14208 3010 3011 3052 3051
14209 3009 3010 3051 3050
14210 3008 3009 3050 3049
14211 3007 3008 3049 3048
14212 3006 3007 3048 3047
14213 3005 3006 3047 3046
14214 3004 3005 3046 3045
14215 3003 3004 3045 3044
14216 3002 3003 3044 3043
14217 3001 3002 3043 3042
14218 2706 3001 3042 2705
15949 3082 2643 2642 3123
15950 3081 3082 3123 3122
15951 3080 3081 3122 3121
15952 3079 3080 3121 3120
15953 3078 3079 3120 3119
15954 3077 3078 3119 3118
15955 3076 3077 3118 3117
15956 3075 3076 3117 3116
15957 3074 3075 3116 3115
15958 3073 3074 3115 3114
15959 3072 3073 3114 3113
15960 3071 3072 3113 3112
15961 3070 3071 3112 3111
15962 3069 3070 3111 3110
15963 3068 3069 3110 3109
15964 3067 3068 3109 3108
15965 3066 3067 3108 3107
15966 3065 3066 3107 3106
15967 3064 3065 3106 3105
15968 3063 3064 3105 3104
15969 3062 3063 3104 3103
15970 3061 3062 3103 3102
15971 3060 3061 3102 3101
15972 3059 3060 3101 3100
15973 3058 3059 3100 3099
15974 3057 3058 3099 3098
15975 3056 3057 3098 3097
15976 3055 3056 3097 3096
15977 3054 3055 3096 3095
15978 3053 3054 3095 3094
15979 3052 3053 3094 3093
15980 3051 3052 3093 3092
15981 3050 3051 3092 3091
15982 3049 3050 3091 3090
15983 3048 3049 3090 3089
15984 3047 3048 3089 3088
15985 3046 3047 3088 3087
15986 3045 3046 3087 3086
15987 3044 3045 3086 3085
15988 3043 3044 3085 3084
15989 3042 3043 3084 3083
15990 2705 3042 3083 2704
17721 3123 2642 2641 3164
17722 3122 3123 3164 3163
17723 3121 3122 3163 3162
17724 3120 3121 3162 3161
17725 3119 3120 3161 3160
17726 3118 3119 3160 3159
17727 3117 3118 3159 3158
17728 3116 3117 3158 3157
17729 3115 3116 3157 3156
17730 3114 3115 3156 3155
17731 3113 3114 3155 3154
17732 3112 3113 3154 3153
17733 3111 3112 3153 3152
17734 3110 3111 3152 3151
17735 3109 3110 3151 3150
17736 3108 3109 3150 3149
17737 3107 3108 3149 3148
17738 3106 3107 3148 3147
17739 3105 3106 3147 3146
17740 3104 3105 3146 3145
17741 3103 3104 3145 3144
17742 3102 3103 3144 3143
17743 3101 3102 3143 3142
17744 3100 3101 3142 3141
17745 3099 3100 3141 3140
17746 3098 3099 3140 3139
17747 3097 3098 3139 3138
17748 3096 3097 3138 3137
17749 3095 3096 3137 3136
17750 3094 3095 3136 3135
17751 3093 3094 3135 3134
17752 3092 3093 3134 3133
17753 3091 3092 3133 3132
17754 3090 3091 3132 3131
17755 3089 3090 3131 3130
17756 3088 3089 3130 3129
17757 3087 3088 3129 3128
17758 3086 3087 3128 3127
17759 3085 3086 3127 3126
17760 3084 3085 3126 3125
17761 3083 3084 3125 3124
17762 2704 3083 3124 2703
19493 3164 2641 2640 3205
19494 3163 3164 3205 3204
19495 3162 3163 3204 3203
19496 3161 3162 3203 3202
19497 3160 3161 3202 3201
19498 3159 3160 3201 3200
19499 3158 3159 3200 3199
19500 3157 3158 3199 3198
19501 3156 3157 3198 3197
19502 3155 3156 3197 3196
19503 3154 3155 3196 3195
19504 3153 3154 3195 3194
19505 3152 3153 3194 3193
19506 3151 3152 3193 3192
19507 3150 3151 3192 3191
19508 3149 3150 3191 3190
19509 3148 3149 3190 3189
19510 3147 3148 3189 3188
19511 3146 3147 3188 3187
19512 3145 3146 3187 3186
19513 3144 3145 3186 3185
19514 3143 3144 3185 3184
19515 3142 3143 3184 3183
19516 3141 3142 3183 3182
19517 3140 3141 3182 3181
19518 3139 3140 3181 3180
19519 3138 3139 3180 3179
19520 3137 3138 3179 3178
19521 3136 3137 3178 3177
19522 3135 3136 3177 3176
19523 3134 3135 3176 3175
19524 3133 3134 3175 3174
19525 3132 3133 3174 3173
19526 3131 3132 3173 3172
19527 3130 3131 3172 3171
19528 3129 3130 3171 3170
19529 3128 3129 3170 3169
19530 3127 3128 3169 3168
19531 3126 3127 3168 3167
19532 3125 3126 3167 3166
19533 3124 3125 3166 3165
19534 2703 3124 3165 2702
21265 3205 2640 2639 3246
21266 3204 3205 3246 3245
21267 3203 3204 3245 3244
21268 3202 3203 3244 3243
21269 3201 3202 3243 3242
21270 3200 3201 3242 3241
21271 3199 3200 3241 3240
21272 3198 3199 3240 3239
21273 3197 3198 3239 3238
21274 3196 3197 3238 3237
21275 3195 3196 3237 3236
21276 3194 3195 3236 3235
21277 3193 3194 3235 3234
21278 3192 3193 3234 3233
21279 3191 3192 3233 3232
21280 3190 3191 3232 3231
21281 3189 3190 3231 3230
21282 3188 3189 3230 3229
21283 3187 3188 3229 3228
21284 3186 3187 3228 3227
21285 3185 3186 3227 3226
21286 3184 3185 3226 3225
21287 3183 3184 3225 3224
21288 3182 3183 3224 3223
21289 3181 3182 3223 3222
21290 3180 3181 3222 3221
21291 3179 3180 3221 3220
21292 3178 3179 3220 3219
21293 3177 3178 3219 3218
21294 3176 3177 3218 3217
21295 3175 3176 3217 3216
21296 3174 3175 3216 3215
21297 3173 3174 3215 3214
21298 3172 3173 3214 3213
21299 3171 3172 3213 3212
21300 3170 3171 3212 3211
21301 3169 3170 3211 3210
21302 3168 3169 3210 3209
21303 3167 3168 3209 3208
21304 3166 3167 3208 3207
21305 3165 3166 3207 3206
21306 2702 3165 3206 2701
23037 3246 2639 2638 3287
23038 3245 3246 3287 3286
23039 3244 3245 3286 3285
23040 3243 3244 3285 3284
23041 3242 3243 3284 3283
23042 3241 3242 3283 3282
23043 3240 3241 3282 3281
23044 3239 3240 3281 3280
23045 3238 3239 3280 3279
23046 3237 3238 3279 3278
23047 3236 3237 3278 3277
23048 3235 3236 3277 3276
23049 3234 3235 3276 3275
23050 3233 3234 3275 3274
23051 3232 3233 3274 3273
23052 3231 3232 3273 3272
23053 3230 3231 3272 3271
23054 3229 3230 3271 3270
23055 3228 3229 3270 3269
23056 3227 3228 3269 3268
23057 3226 3227 3268 3267
23058 3225 3226 3267 3266
23059 3224 3225 3266 3265
23060 3223 3224 3265 3264
23061 3222 3223 3264 3263
23062 3221 3222 3263 3262
23063 3220 3221 3262 3261
23064 3219 3220 3261 3260
23065 3218 3219 3260 3259
23066 3217 3218 3259 3258
23067 3216 3217 3258 3257
23068 3215 3216 3257 3256
23069 3214 3215 3256 3255
23070 3213 3214 3255 3254
23071 3212 3213 3254 3253
23072 3211 3212 3253 3252
23073 3210 3211 3252 3251
23074 3209 3210 3251 3250
23075 3208 3209 3250 3249
23076 3207 3208 3249 3248
23077 3206 3207 3248 3247
23078 2701 3206 3247 2700
24809 3287 2638 2637 3328
24810 3286 3287 3328 3327
24811 3285 3286 3327 3326
24812 3284 3285 3326 3325
24813 3283 3284 3325 3324
24814 3282 3283 3324 3323
24815 3281 3282 3323 3322
24816 3280 3281 3322 3321
24817 3279 3280 3321 3320
24818 3278 3279 3320 3319
24819 3277 3278 3319 3318
24820 3276 3277 3318 3317
24821 3275 3276 3317 3316
24822 3274 3275 3316 3315
24823 3273 3274 3315 3314
24824 3272 3273 3314 3313
24825 3271 3272 3313 3312
24826 3270 3271 3312 3311
24827 3269 3270 3311 3310
24828 3268 3269 3310 3309
24829 3267 3268 3309 3308
24830 3266 3267 3308 3307
24831 3265 3266 3307 3306
24832 3264 3265 3306 3305
24833 3263 3264 3305 3304
24834 3262 3263 3304 3303
24835 3261 3262 3303 3302
24836 3260 3261 3302 3301
24837 3259 3260 3301 3300
24838 3258 3259 3300 3299
24839 3257 3258 3299 3298
24840 3256 3257 3298 3297
24841 3255 3256 3297 3296
24842 3254 3255 3296 3295
24843 3253 3254 3295 3294
24844 3252 3253 3294 3293
24845 3251 3252 3293 3292
24846 3250 3251 3292 3291
24847 3249 3250 3291 3290
24848 3248 3249 3290 3289
24849 3247 3248 3289 3288
24850 2700 3247 3288 2699
26581 3328 2637 2636 3369
26582 3327 3328 3369 3368
26583 3326 3327 3368 3367
26584 3325 3326 3367 3366
26585 3324 3325 3366 3365
26586 3323 3324 3365 3364
26587 3322 3323 3364 3363
26588 3321 3322 3363 3362
26589 3320 3321 3362 3361
26590 3319 3320 3361 3360
26591 3318 3319 3360 3359
26592 3317 3318 3359 3358
26593 3316 3317 3358 3357
26594 3315 3316 3357 3356
26595 3314 3315 3356 3355
26596 3313 3314 3355 3354
26597 3312 3313 3354 3353
26598 3311 3312 3353 3352
26599 3310 3311 3352 3351
26600 3309 3310 3351 3350
26601 3308 3309 3350 3349
26602 3307 3308 3349 3348
26603 3306 3307 3348 3347
26604 3305 3306 3347 3346
26605 3304 3305 3346 3345
26606 3303 3304 3345 3344
26607 3302 3303 3344 3343
26608 3301 3302 3343 3342
26609 3300 3301 3342 3341
26610 3299 3300 3341 3340
26611 3298 3299 3340 3339
26612 3297 3298 3339 3338
26613 3296 3297 3338 3337
26614 3295 3296 3337 3336
26615 3294 3295 3336 3335
26616 3293 3294 3335 3334
26617 3292 3293 3334 3333
26618 3291 3292 3333 3332
26619 3290 3291 3332 3331
26620 3289 3290 3331 3330
26621 3288 3289 3330 3329
26622 2699 3288 3329 2698
28353 3369 2636 2635 3410
28354 3368 3369 3410 3409
28355 3367 3368 3409 3408
28356 3366 3367 3408 3407
28357 3365 3366 3407 3406
28358 3364 3365 3406 3405
28359 3363 3364 3405 3404
28360 3362 3363 3404 3403
28361 3361 3362 3403 3402
28362 3360 3361 3402 3401
28363 3359 3360 3401 3400
28364 3358 3359 3400 3399
28365 3357 3358 3399 3398
28366 3356 3357 3398 3397
28367 3355 3356 3397 3396
28368 3354 3355 3396 3395
28369 3353 3354 3395 3394
28370 3352 3353 3394 3393
28371 3351 3352 3393 3392
28372 3350 3351 3392 3391
28373 3349 3350 3391 3390
28374 3348 3349 3390 3389
28375 3347 3348 3389 3388
28376 3346 3347 3388 3387
28377 3345 3346 3387 3386
28378 3344 3345 3386 3385
28379 3343 3344 3385 3384
28380 3342 3343 3384 3383
28381 3341 3342 3383 3382
28382 3340 3341 3382 3381
28383 3339 3340 3381 3380
28384 3338 3339 3380 3379
28385 3337 3338 3379 3378
28386 3336 3337 3378 3377
28387 3335 3336 3377 3376
28388 3334 3335 3376 3375
28389 3333 3334 3375 3374
28390 3332 3333 3374 3373
28391 3331 3332 3373 3372
28392 3330 3331 3372 3371
28393 3329 3330 3371 3370
28394 2698 3329 3370 2697
30125 3410 2635 2634 3451
30126 3409 3410 3451 3450
30127 3408 3409 3450 3449
30128 3407 3408 3449 3448
30129 3406 3407 3448 3447
30130 3405 3406 3447 3446
30131 3404 3405 3446 3445
30132 3403 3404 3445 3444
30133 3402 3403 3444 3443
30134 3401 3402 3443 3442
30135 3400 3401 3442 3441
30136 3399 3400 3441 3440
30137 3398 3399 3440 3439
30138 3397 3398 3439 3438
30139 3396 3397 3438 3437
30140 3395 3396 3437 3436
30141 3394 3395 3436 3435
30142 3393 3394 3435 3434
30143 3392 3393 3434 3433
30144 3391 3392 3433 3432
30145 3390 3391 3432 3431
30146 3389 3390 3431 3430
30147 3388 3389 3430 3429
30148 3387 3388 3429 3428
30149 3386 3387 3428 3427
30150 3385 3386 3427 3426
30151 3384 3385 3426 3425
30152 3383 3384 3425 3424
30153 3382 3383 3424 3423
30154 3381 3382 3423 3422
30155 3380 3381 3422 3421
30156 3379 3380 3421 3420
30157 3378 3379 3420 3419
30158 3377 3378 3419 3418
30159 3376 3377 3418 3417
30160 3375 3376 3417 3416
30161 3374 3375 3416 3415
30162 3373 3374 3415 3414
30163 3372 3373 3414 3413
30164 3371 3372 3413 3412
30165 3370 3371 3412 3411
30166 2697 3370 3411 2696
31897 3451 2634 2633 3492
31898 3450 3451 3492 3491
31899 3449 3450 3491 3490
31900 3448 3449 3490 3489
31901 3447 3448 3489 3488
31902 3446 3447 3488 3487
31903 3445 3446 3487 3486
31904 3444 3445 3486 3485
31905 3443 3444 3485 3484
31906 3442 3443 3484 3483
31907 3441 3442 3483 3482
31908 3440 3441 3482 3481
31909 3439 3440 3481 3480
31910 3438 3439 3480 3479
31911 3437 3438 3479 3478
31912 3436 3437 3478 3477
31913 3435 3436 3477 3476
31914 3434 3435 3476 3475
31915 3433 3434 3475 3474
31916 3432 3433 3474 3473
31917 3431 3432 3473 3472
31918 3430 3431 3472 3471
31919 3429 3430 3471 3470
31920 3428 3429 3470 3469
31921 3427 3428 3469 3468
31922 3426 3427 3468 3467
31923 3425 3426 3467 3466
31924 3424 3425 3466 3465
31925 3423 3424 3465 3464
31926 3422 3423 3464 3463
31927 3421 3422 3463 3462
31928 3420 3421 3462 3461
31929 3419 3420 3461 3460
31930 3418 3419 3460 3459
31931 3417 3418 3459 3458
31932 3416 3417 3458 3457
31933 3415 3416 3457 3456
31934 3414 3415 3456 3455
31935 3413 3414 3455 3454
31936 3412 3413 3454 3453
31937 3411 3412 3453 3452
31938 2696 3411 3452 2695
33669 3492 2633 2632 3533
33670 3491 3492 3533 3532
33671 3490 3491 3532 3531
33672 3489 3490 3531 3530
33673 3488 3489 3530 3529
33674 3487 3488 3529 3528
33675 3486 3487 3528 3527
33676 3485 3486 3527 3526
33677 3484 3485 3526 3525
33678 3483 3484 3525 3524
33679 3482 3483 3524 3523
33680 3481 3482 3523 3522
33681 3480 3481 3522 3521
33682 3479 3480 3521 3520
33683 3478 3479 3520 3519
33684 3477 3478 3519 3518
33685 3476 3477 3518 3517
33686 3475 3476 3517 3516
33687 3474 3475 3516 3515
33688 3473 3474 3515 3514
33689 3472 3473 3514 3513
33690 3471 3472 3513 3512
33691 3470 3471 3512 3511
33692 3469 3470 3511 3510
33693 3468 3469 3510 3509
33694 3467 3468 3509 3508
33695 3466 3467 3508 3507
33696 3465 3466 3507 3506
33697 3464 3465 3506 3505
33698 3463 3464 3505 3504
33699 3462 3463 3504 3503
33700 3461 3462 3503 3502
33701 3460 3461 3502 3501
33702 3459 3460 3501 3500
33703 3458 3459 3500 3499
33704 3457 3458 3499 3498
33705 3456 3457 3498 3497
33706 3455 3456 3497 3496
33707 3454 3455 3496 3495
33708 3453 3454 3495 3494
33709 3452 3453 3494 3493
33710 2695 3452 3493 2694
35441 3533 2632 2631 2693
35442 3532 3533 2693 2692
35443 3531 3532 2692 2691
35444 3530 3531 2691 2690
35445 3529 3530 2690 2689
35446 3528 3529 2689 2688
35447 3527 3528 2688 2687
35448 3526 3527 2687 2686
35449 3525 3526 2686 2685
35450 3524 3525 2685 2684
35451 3523 3524 2684 2683
35452 3522 3523 2683 2682
35453 3521 3522 2682 2681
35454 3520 3521 2681 2680
35455 3519 3520 2680 2679
35456 3518 3519 2679 2678
35457 3517 3518 2678 2677
35458 3516 3517 2677 2676
35459 3515 3516 2676 2675
35460 3514 3515 2675 2674
35461 3513 3514 2674 2673
35462 3512 3513 2673 2672
35463 3511 3512 2672 2671
35464 3510 3511 2671 2670
35465 3509 3510 2670 2669
35466 3508 3509 2669 2668
35467 3507 3508 2668 2667
35468 3506 3507 2667 2666
35469 3505 3506 2666 2665
35470 3504 3505 2665 2664
35471 3503 3504 2664 2663
35472 3502 3503 2663 2662
35473 3501 3502 2662 2661
35474 3500 3501 2661 2660
35475 3499 3500 2660 2659
35476 3498 3499 2659 2658
35477 3497 3498 2658 2657
35478 3496 3497 2657 2656
35479 3495 3496 2656 2655
35480 3494 3495 2655 2654
35481 3493 3494 2654 2653
35482 2694 3493 2653 2652
