882
1 2 128 3596 2651
84 168 86 3554 3636
125 167 168 3636 3635
126 166 167 3635 3634
127 165 166 3634 3633
128 164 165 3633 3632
129 163 164 3632 3631
130 162 163 3631 3630
131 161 162 3630 3629
132 160 161 3629 3628
133 159 160 3628 3627
134 158 159 3627 3626
135 157 158 3626 3625
136 156 157 3625 3624
137 155 156 3624 3623
138 154 155 3623 3622
139 153 154 3622 3621
140 152 153 3621 3620
141 151 152 3620 3619
142 150 151 3619 3618
143 149 150 3618 3617
144 148 149 3617 3616
145 147 148 3616 3615
146 146 147 3615 3614
147 145 146 3614 3613
148 144 145 3613 3612
149 143 144 3612 3611
150 142 143 3611 3610
151 141 142 3610 3609
152 140 141 3609 3608
153 139 140 3608 3607
154 138 139 3607 3606
155 137 138 3606 3605
156 136 137 3605 3604
157 135 136 3604 3603
158 134 135 3603 3602
159 133 134 3602 3601
160 132 133 3601 3600
161 131 132 3600 3599
162 130 131 3599 3598
163 129 130 3598 3597
164 128 129 3597 3596
1773 2651 3596 3637 2650
1856 3636 3554 3553 3677
1897 3635 3636 3677 3676
1898 3634 3635 3676 3675
1899 3633 3634 3675 3674
1900 3632 3633 3674 3673
1901 3631 3632 3673 3672
1902 3630 3631 3672 3671
1903 3629 3630 3671 3670
1904 3628 3629 3670 3669
1905 3627 3628 3669 3668
1906 3626 3627 3668 3667
1907 3625 3626 3667 3666
1908 3624 3625 3666 3665
1909 3623 3624 3665 3664
1910 3622 3623 3664 3663
1911 3621 3622 3663 3662
1912 3620 3621 3662 3661
1913 3619 3620 3661 3660
1914 3618 3619 3660 3659
1915 3617 3618 3659 3658
1916 3616 3617 3658 3657
1917 3615 3616 3657 3656
1918 3614 3615 3656 3655
1919 3613 3614 3655 3654
1920 3612 3613 3654 3653
1921 3611 3612 3653 3652
1922 3610 3611 3652 3651
1923 3609 3610 3651 3650
1924 3608 3609 3650 3649
1925 3607 3608 3649 3648
1926 3606 3607 3648 3647
1927 3605 3606 3647 3646
1928 3604 3605 3646 3645
1929 3603 3604 3645 3644
1930 3602 3603 3644 3643
1931 3601 3602 3643 3642
1932 3600 3601 3642 3641
1933 3599 3600 3641 3640
1934 3598 3599 3640 3639
1935 3597 3598 3639 3638
1936 3596 3597 3638 3637
3545 2650 3637 3678 2649
3628 3677 3553 3552 3718
3669 3676 3677 3718 3717
3670 3675 3676 3717 3716
3671 3674 3675 3716 3715
3672 3673 3674 3715 3714
3673 3672 3673 3714 3713
3674 3671 3672 3713 3712
3675 3670 3671 3712 3711
3676 3669 3670 3711 3710
3677 3668 3669 3710 3709
3678 3667 3668 3709 3708
3679 3666 3667 3708 3707
3680 3665 3666 3707 3706
3681 3664 3665 3706 3705
3682 3663 3664 3705 3704
3683 3662 3663 3704 3703
3684 3661 3662 3703 3702
3685 3660 3661 3702 3701
3686 3659 3660 3701 3700
3687 3658 3659 3700 3699
3688 3657 3658 3699 3698
3689 3656 3657 3698 3697
3690 3655 3656 3697 3696
3691 3654 3655 3696 3695
3692 3653 3654 3695 3694
3693 3652 3653 3694 3693
3694 3651 3652 3693 3692
3695 3650 3651 3692 3691
3696 3649 3650 3691 3690
3697 3648 3649 3690 3689
3698 3647 3648 3689 3688
3699 3646 3647 3688 3687
3700 3645 3646 3687 3686
3701 3644 3645 3686 3685
3702 3643 3644 3685 3684
3703 3642 3643 3684 3683
3704 3641 3642 3683 3682
3705 3640 3641 3682 3681
3706 3639 3640 3681 3680
3707 3638 3639 3680 3679
3708 3637 3638 3679 3678
5317 2649 3678 3719 2648
5400 3718 3552 3551 3759
5441 3717 3718 3759 3758
5442 3716 3717 3758 3757
5443 3715 3716 3757 3756
5444 3714 3715 3756 3755
5445 3713 3714 3755 3754
5446 3712 3713 3754 3753
5447 3711 3712 3753 3752
5448 3710 3711 3752 3751
5449 3709 3710 3751 3750
5450 3708 3709 3750 3749
5451 3707 3708 3749 3748
5452 3706 3707 3748 3747
5453 3705 3706 3747 3746
5454 3704 3705 3746 3745
5455 3703 3704 3745 3744
5456 3702 3703 3744 3743
5457 3701 3702 3743 3742
5458 3700 3701 3742 3741
5459 3699 3700 3741 3740
5460 3698 3699 3740 3739
5461 3697 3698 3739 3738
5462 3696 3697 3738 3737
5463 3695 3696 3737 3736
5464 3694 3695 3736 3735
5465 3693 3694 3735 3734
5466 3692 3693 3734 3733
5467 3691 3692 3733 3732
5468 3690 3691 3732 3731
5469 3689 3690 3731 3730
5470 3688 3689 3730 3729
5471 3687 3688 3729 3728
5472 3686 3687 3728 3727
5473 3685 3686 3727 3726
5474 3684 3685 3726 3725
5475 3683 3684 3725 3724
5476 3682 3683 3724 3723
5477 3681 3682 3723 3722
5478 3680 3681 3722 3721
5479 3679 3680 3721 3720
5480 3678 3679 3720 3719
7089 2648 3719 3760 2647
7172 3759 3551 3550 3800
7213 3758 3759 3800 3799
7214 3757 3758 3799 3798
7215 3756 3757 3798 3797
7216 3755 3756 3797 3796
7217 3754 3755 3796 3795
7218 3753 3754 3795 3794
7219 3752 3753 3794 3793
7220 3751 3752 3793 3792
7221 3750 3751 3792 3791
7222 3749 3750 3791 3790
7223 3748 3749 3790 3789
7224 3747 3748 3789 3788
7225 3746 3747 3788 3787
7226 3745 3746 3787 3786
7227 3744 3745 3786 3785
7228 3743 3744 3785 3784
7229 3742 3743 3784 3783
7230 3741 3742 3783 3782
7231 3740 3741 3782 3781
7232 3739 3740 3781 3780
7233 3738 3739 3780 3779
7234 3737 3738 3779 3778
7235 3736 3737 3778 3777
7236 3735 3736 3777 3776
7237 3734 3735 3776 3775
7238 3733 3734 3775 3774
7239 3732 3733 3774 3773
7240 3731 3732 3773 3772
7241 3730 3731 3772 3771
7242 3729 3730 3771 3770
7243 3728 3729 3770 3769
7244 3727 3728 3769 3768
7245 3726 3727 3768 3767
7246 3725 3726 3767 3766
7247 3724 3725 3766 3765
7248 3723 3724 3765 3764
7249 3722 3723 3764 3763
7250 3721 3722 3763 3762
7251 3720 3721 3762 3761
7252 3719 3720 3761 3760
8861 2647 3760 3801 2646
8944 3800 3550 3549 3841
8985 3799 3800 3841 3840
8986 3798 3799 3840 3839
8987 3797 3798 3839 3838
8988 3796 3797 3838 3837
8989 3795 3796 3837 3836
8990 3794 3795 3836 3835
8991 3793 3794 3835 3834
8992 3792 3793 3834 3833
8993 3791 3792 3833 3832
8994 3790 3791 3832 3831
8995 3789 3790 3831 3830
8996 3788 3789 3830 3829
8997 3787 3788 3829 3828
8998 3786 3787 3828 3827
8999 3785 3786 3827 3826
9000 3784 3785 3826 3825
9001 3783 3784 3825 3824
9002 3782 3783 3824 3823
9003 3781 3782 3823 3822
9004 3780 3781 3822 3821
9005 3779 3780 3821 3820
9006 3778 3779 3820 3819
9007 3777 3778 3819 3818
9008 3776 3777 3818 3817
9009 3775 3776 3817 3816
9010 3774 3775 3816 3815
9011 3773 3774 3815 3814
9012 3772 3773 3814 3813
9013 3771 3772 3813 3812
9014 3770 3771 3812 3811
9015 3769 3770 3811 3810
9016 3768 3769 3810 3809
9017 3767 3768 3809 3808
9018 3766 3767 3808 3807
9019 3765 3766 3807 3806
9020 3764 3765 3806 3805
9021 3763 3764 3805 3804
9022 3762 3763 3804 3803
9023 3761 3762 3803 3802
9024 3760 3761 3802 3801
10633 2646 3801 3842 2645
10716 3841 3549 3548 3882
10757 3840 3841 3882 3881
10758 3839 3840 3881 3880
10759 3838 3839 3880 3879
10760 3837 3838 3879 3878
10761 3836 3837 3878 3877
10762 3835 3836 3877 3876
10763 3834 3835 3876 3875
10764 3833 3834 3875 3874
10765 3832 3833 3874 3873
10766 3831 3832 3873 3872
10767 3830 3831 3872 3871
10768 3829 3830 3871 3870
10769 3828 3829 3870 3869
10770 3827 3828 3869 3868
10771 3826 3827 3868 3867
10772 3825 3826 3867 3866
10773 3824 3825 3866 3865
10774 3823 3824 3865 3864
10775 3822 3823 3864 3863
10776 3821 3822 3863 3862
10777 3820 3821 3862 3861
10778 3819 3820 3861 3860
10779 3818 3819 3860 3859
10780 3817 3818 3859 3858
10781 3816 3817 3858 3857
10782 3815 3816 3857 3856
10783 3814 3815 3856 3855
10784 3813 3814 3855 3854
10785 3812 3813 3854 3853
10786 3811 3812 3853 3852
10787 3810 3811 3852 3851
10788 3809 3810 3851 3850
10789 3808 3809 3850 3849
10790 3807 3808 3849 3848
10791 3806 3807 3848 3847
10792 3805 3806 3847 3846
10793 3804 3805 3846 3845
10794 3803 3804 3845 3844
10795 3802 3803 3844 3843
10796 3801 3802 3843 3842
12405 2645 3842 3883 2644
12488 3882 3548 3547 3923
12529 3881 3882 3923 3922
12530 3880 3881 3922 3921
12531 3879 3880 3921 3920
12532 3878 3879 3920 3919
12533 3877 3878 3919 3918
12534 3876 3877 3918 3917
12535 3875 3876 3917 3916
12536 3874 3875 3916 3915
12537 3873 3874 3915 3914
12538 3872 3873 3914 3913
12539 3871 3872 3913 3912
12540 3870 3871 3912 3911
12541 3869 3870 3911 3910
12542 3868 3869 3910 3909
12543 3867 3868 3909 3908
12544 3866 3867 3908 3907
12545 3865 3866 3907 3906
12546 3864 3865 3906 3905
12547 3863 3864 3905 3904
12548 3862 3863 3904 3903
12549 3861 3862 3903 3902
12550 3860 3861 3902 3901
12551 3859 3860 3901 3900
12552 3858 3859 3900 3899
12553 3857 3858 3899 3898
12554 3856 3857 3898 3897
12555 3855 3856 3897 3896
12556 3854 3855 3896 3895
12557 3853 3854 3895 3894
12558 3852 3853 3894 3893
12559 3851 3852 3893 3892
12560 3850 3851 3892 3891
12561 3849 3850 3891 3890
12562 3848 3849 3890 3889
12563 3847 3848 3889 3888
12564 3846 3847 3888 3887
12565 3845 3846 3887 3886
12566 3844 3845 3886 3885
12567 3843 3844 3885 3884
12568 3842 3843 3884 3883
14177 2644 3883 3924 2643
14260 3923 3547 3546 3964
14301 3922 3923 3964 3963
14302 3921 3922 3963 3962
14303 3920 3921 3962 3961
14304 3919 3920 3961 3960
14305 3918 3919 3960 3959
14306 3917 3918 3959 3958
14307 3916 3917 3958 3957
14308 3915 3916 3957 3956
14309 3914 3915 3956 3955
14310 3913 3914 3955 3954
14311 3912 3913 3954 3953
14312 3911 3912 3953 3952
14313 3910 3911 3952 3951
14314 3909 3910 3951 3950
14315 3908 3909 3950 3949
14316 3907 3908 3949 3948
14317 3906 3907 3948 3947
14318 3905 3906 3947 3946
14319 3904 3905 3946 3945
14320 3903 3904 3945 3944
14321 3902 3903 3944 3943
14322 3901 3902 3943 3942
14323 3900 3901 3942 3941
14324 3899 3900 3941 3940
14325 3898 3899 3940 3939
14326 3897 3898 3939 3938
14327 3896 3897 3938 3937
14328 3895 3896 3937 3936
14329 3894 3895 3936 3935
14330 3893 3894 3935 3934
14331 3892 3893 3934 3933
14332 3891 3892 3933 3932
14333 3890 3891 3932 3931
14334 3889 3890 3931 3930
14335 3888 3889 3930 3929
14336 3887 3888 3929 3928
14337 3886 3887 3928 3927
14338 3885 3886 3927 3926
14339 3884 3885 3926 3925
14340 3883 3884 3925 3924
15949 2643 3924 3965 2642
16032 3964 3546 3545 4005
16073 3963 3964 4005 4004
16074 3962 3963 4004 4003
16075 3961 3962 4003 4002
16076 3960 3961 4002 4001
16077 3959 3960 4001 4000
16078 3958 3959 4000 3999
16079 3957 3958 3999 3998
16080 3956 3957 3998 3997
16081 3955 3956 3997 3996
16082 3954 3955 3996 3995
16083 3953 3954 3995 3994
16084 3952 3953 3994 3993
16085 3951 3952 3993 3992
16086 3950 3951 3992 3991
16087 3949 3950 3991 3990
16088 3948 3949 3990 3989
16089 3947 3948 3989 3988
16090 3946 3947 3988 3987
16091 3945 3946 3987 3986
16092 3944 3945 3986 3985
16093 3943 3944 3985 3984
16094 3942 3943 3984 3983
16095 3941 3942 3983 3982
16096 3940 3941 3982 3981
16097 3939 3940 3981 3980
16098 3938 3939 3980 3979
16099 3937 3938 3979 3978
16100 3936 3937 3978 3977
16101 3935 3936 3977 3976
16102 3934 3935 3976 3975
16103 3933 3934 3975 3974
16104 3932 3933 3974 3973
16105 3931 3932 3973 3972
16106 3930 3931 3972 3971
16107 3929 3930 3971 3970
16108 3928 3929 3970 3969
16109 3927 3928 3969 3968
16110 3926 3927 3968 3967
16111 3925 3926 3967 3966
16112 3924 3925 3966 3965
17721 2642 3965 4006 2641
17804 4005 3545 3544 4046
17845 4004 4005 4046 4045
17846 4003 4004 4045 4044
17847 4002 4003 4044 4043
17848 4001 4002 4043 4042
17849 4000 4001 4042 4041
17850 3999 4000 4041 4040
17851 3998 3999 4040 4039
17852 3997 3998 4039 4038
17853 3996 3997 4038 4037
17854 3995 3996 4037 4036
17855 3994 3995 4036 4035
17856 3993 3994 4035 4034
17857 3992 3993 4034 4033
17858 3991 3992 4033 4032
17859 3990 3991 4032 4031
17860 3989 3990 4031 4030
17861 3988 3989 4030 4029
17862 3987 3988 4029 4028
17863 3986 3987 4028 4027
17864 3985 3986 4027 4026
17865 3984 3985 4026 4025
17866 3983 3984 4025 4024
17867 3982 3983 4024 4023
17868 3981 3982 4023 4022
17869 3980 3981 4022 4021
17870 3979 3980 4021 4020
17871 3978 3979 4020 4019
17872 3977 3978 4019 4018
17873 3976 3977 4018 4017
17874 3975 3976 4017 4016
17875 3974 3975 4016 4015
17876 3973 3974 4015 4014
17877 3972 3973 4014 4013
17878 3971 3972 4013 4012
17879 3970 3971 4012 4011
17880 3969 3970 4011 4010
17881 3968 3969 4010 4009
17882 3967 3968 4009 4008
17883 3966 3967 4008 4007
17884 3965 3966 4007 4006
19493 2641 4006 4047 2640
19576 4046 3544 3543 4087
19617 4045 4046 4087 4086
19618 4044 4045 4086 4085
19619 4043 4044 4085 4084
19620 4042 4043 4084 4083
19621 4041 4042 4083 4082
19622 4040 4041 4082 4081
19623 4039 4040 4081 4080
19624 4038 4039 4080 4079
19625 4037 4038 4079 4078
19626 4036 4037 4078 4077
19627 4035 4036 4077 4076
19628 4034 4035 4076 4075
19629 4033 4034 4075 4074
19630 4032 4033 4074 4073
19631 4031 4032 4073 4072
19632 4030 4031 4072 4071
19633 4029 4030 4071 4070
19634 4028 4029 4070 4069
19635 4027 4028 4069 4068
19636 4026 4027 4068 4067
19637 4025 4026 4067 4066
19638 4024 4025 4066 4065
19639 4023 4024 4065 4064
19640 4022 4023 4064 4063
19641 4021 4022 4063 4062
19642 4020 4021 4062 4061
19643 4019 4020 4061 4060
19644 4018 4019 4060 4059
19645 4017 4018 4059 4058
19646 4016 4017 4058 4057
19647 4015 4016 4057 4056
19648 4014 4015 4056 4055
19649 4013 4014 4055 4054
19650 4012 4013 4054 4053
19651 4011 4012 4053 4052
19652 4010 4011 4052 4051
19653 4009 4010 4051 4050
19654 4008 4009 4050 4049
19655 4007 4008 4049 4048
19656 4006 4007 4048 4047
21265 2640 4047 4088 2639
21348 4087 3543 3542 4128
21389 4086 4087 4128 4127
21390 4085 4086 4127 4126
21391 4084 4085 4126 4125
21392 4083 4084 4125 4124
21393 4082 4083 4124 4123
21394 4081 4082 4123 4122
21395 4080 4081 4122 4121
21396 4079 4080 4121 4120
21397 4078 4079 4120 4119
21398 4077 4078 4119 4118
21399 4076 4077 4118 4117
21400 4075 4076 4117 4116
21401 4074 4075 4116 4115
21402 4073 4074 4115 4114
21403 4072 4073 4114 4113
21404 4071 4072 4113 4112
21405 4070 4071 4112 4111
21406 4069 4070 4111 4110
21407 4068 4069 4110 4109
21408 4067 4068 4109 4108
21409 4066 4067 4108 4107
21410 4065 4066 4107 4106
21411 4064 4065 4106 4105
21412 4063 4064 4105 4104
21413 4062 4063 4104 4103
21414 4061 4062 4103 4102
21415 4060 4061 4102 4101
21416 4059 4060 4101 4100
21417 4058 4059 4100 4099
21418 4057 4058 4099 4098
21419 4056 4057 4098 4097
21420 4055 4056 4097 4096
21421 4054 4055 4096 4095
21422 4053 4054 4095 4094
21423 4052 4053 4094 4093
21424 4051 4052 4093 4092
21425 4050 4051 4092 4091
21426 4049 4050 4091 4090
21427 4048 4049 4090 4089
21428 4047 4048 4089 4088
23037 2639 4088 4129 2638
23120 4128 3542 3541 4169
23161 4127 4128 4169 4168
23162 4126 4127 4168 4167
23163 4125 4126 4167 4166
23164 4124 4125 4166 4165
23165 4123 4124 4165 4164
23166 4122 4123 4164 4163
23167 4121 4122 4163 4162
23168 4120 4121 4162 4161
23169 4119 4120 4161 4160
23170 4118 4119 4160 4159
23171 4117 4118 4159 4158
23172 4116 4117 4158 4157
23173 4115 4116 4157 4156
23174 4114 4115 4156 4155
23175 4113 4114 4155 4154
23176 4112 4113 4154 4153
23177 4111 4112 4153 4152
23178 4110 4111 4152 4151
23179 4109 4110 4151 4150
23180 4108 4109 4150 4149
23181 4107 4108 4149 4148
23182 4106 4107 4148 4147
23183 4105 4106 4147 4146
23184 4104 4105 4146 4145
23185 4103 4104 4145 4144
23186 4102 4103 4144 4143
23187 4101 4102 4143 4142
23188 4100 4101 4142 4141
23189 4099 4100 4141 4140
23190 4098 4099 4140 4139
23191 4097 4098 4139 4138
23192 4096 4097 4138 4137
23193 4095 4096 4137 4136
23194 4094 4095 4136 4135
23195 4093 4094 4135 4134
23196 4092 4093 4134 4133
23197 4091 4092 4133 4132
23198 4090 4091 4132 4131
23199 4089 4090 4131 4130
23200 4088 4089 4130 4129
24809 2638 4129 4170 2637
24892 4169 3541 3540 4210
24933 4168 4169 4210 4209
24934 4167 4168 4209 4208
24935 4166 4167 4208 4207
24936 4165 4166 4207 4206
24937 4164 4165 4206 4205
24938 4163 4164 4205 4204
24939 4162 4163 4204 4203
24940 4161 4162 4203 4202
24941 4160 4161 4202 4201
24942 4159 4160 4201 4200
24943 4158 4159 4200 4199
24944 4157 4158 4199 4198
24945 4156 4157 4198 4197
24946 4155 4156 4197 4196
24947 4154 4155 4196 4195
24948 4153 4154 4195 4194
24949 4152 4153 4194 4193
24950 4151 4152 4193 4192
24951 4150 4151 4192 4191
24952 4149 4150 4191 4190
24953 4148 4149 4190 4189
24954 4147 4148 4189 4188
24955 4146 4147 4188 4187
24956 4145 4146 4187 4186
24957 4144 4145 4186 4185
24958 4143 4144 4185 4184
24959 4142 4143 4184 4183
24960 4141 4142 4183 4182
24961 4140 4141 4182 4181
24962 4139 4140 4181 4180
24963 4138 4139 4180 4179
24964 4137 4138 4179 4178
24965 4136 4137 4178 4177
24966 4135 4136 4177 4176
24967 4134 4135 4176 4175
24968 4133 4134 4175 4174
24969 4132 4133 4174 4173
24970 4131 4132 4173 4172
24971 4130 4131 4172 4171
24972 4129 4130 4171 4170
26581 2637 4170 4211 2636
26664 4210 3540 3539 4251
26705 4209 4210 4251 4250
26706 4208 4209 4250 4249
26707 4207 4208 4249 4248
26708 4206 4207 4248 4247
26709 4205 4206 4247 4246
26710 4204 4205 4246 4245
26711 4203 4204 4245 4244
26712 4202 4203 4244 4243
26713 4201 4202 4243 4242
26714 4200 4201 4242 4241
26715 4199 4200 4241 4240
26716 4198 4199 4240 4239
26717 4197 4198 4239 4238
26718 4196 4197 4238 4237
26719 4195 4196 4237 4236
26720 4194 4195 4236 4235
26721 4193 4194 4235 4234
26722 4192 4193 4234 4233
26723 4191 4192 4233 4232
26724 4190 4191 4232 4231
26725 4189 4190 4231 4230
26726 4188 4189 4230 4229
26727 4187 4188 4229 4228
26728 4186 4187 4228 4227
26729 4185 4186 4227 4226
26730 4184 4185 4226 4225
26731 4183 4184 4225 4224
26732 4182 4183 4224 4223
26733 4181 4182 4223 4222
26734 4180 4181 4222 4221
26735 4179 4180 4221 4220
26736 4178 4179 4220 4219
26737 4177 4178 4219 4218
26738 4176 4177 4218 4217
26739 4175 4176 4217 4216
26740 4174 4175 4216 4215
26741 4173 4174 4215 4214
26742 4172 4173 4214 4213
26743 4171 4172 4213 4212
26744 4170 4171 4212 4211
28353 2636 4211 4252 2635
28436 4251 3539 3538 4292
28477 4250 4251 4292 4291
28478 4249 4250 4291 4290
28479 4248 4249 4290 4289
28480 4247 4248 4289 4288
28481 4246 4247 4288 4287
28482 4245 4246 4287 4286
28483 4244 4245 4286 4285
28484 4243 4244 4285 4284
28485 4242 4243 4284 4283
28486 4241 4242 4283 4282
28487 4240 4241 4282 4281
28488 4239 4240 4281 4280
28489 4238 4239 4280 4279
28490 4237 4238 4279 4278
28491 4236 4237 4278 4277
28492 4235 4236 4277 4276
28493 4234 4235 4276 4275
28494 4233 4234 4275 4274
28495 4232 4233 4274 4273
28496 4231 4232 4273 4272
28497 4230 4231 4272 4271
28498 4229 4230 4271 4270
28499 4228 4229 4270 4269
28500 4227 4228 4269 4268
28501 4226 4227 4268 4267
28502 4225 4226 4267 4266
28503 4224 4225 4266 4265
28504 4223 4224 4265 4264
28505 4222 4223 4264 4263
28506 4221 4222 4263 4262
28507 4220 4221 4262 4261
28508 4219 4220 4261 4260
28509 4218 4219 4260 4259
28510 4217 4218 4259 4258
28511 4216 4217 4258 4257
28512 4215 4216 4257 4256
28513 4214 4215 4256 4255
28514 4213 4214 4255 4254
28515 4212 4213 4254 4253
28516 4211 4212 4253 4252
30125 2635 4252 4293 2634
30208 4292 3538 3537 4333
30249 4291 4292 4333 4332
30250 4290 4291 4332 4331
30251 4289 4290 4331 4330
30252 4288 4289 4330 4329
30253 4287 4288 4329 4328
30254 4286 4287 4328 4327
30255 4285 4286 4327 4326
30256 4284 4285 4326 4325
30257 4283 4284 4325 4324
30258 4282 4283 4324 4323
30259 4281 4282 4323 4322
30260 4280 4281 4322 4321
30261 4279 4280 4321 4320
30262 4278 4279 4320 4319
30263 4277 4278 4319 4318
30264 4276 4277 4318 4317
30265 4275 4276 4317 4316
30266 4274 4275 4316 4315
30267 4273 4274 4315 4314
30268 4272 4273 4314 4313
30269 4271 4272 4313 4312
30270 4270 4271 4312 4311
30271 4269 4270 4311 4310
30272 4268 4269 4310 4309
30273 4267 4268 4309 4308
30274 4266 4267 4308 4307
30275 4265 4266 4307 4306
30276 4264 4265 4306 4305
30277 4263 4264 4305 4304
30278 4262 4263 4304 4303
30279 4261 4262 4303 4302
30280 4260 4261 4302 4301
30281 4259 4260 4301 4300
30282 4258 4259 4300 4299
30283 4257 4258 4299 4298
30284 4256 4257 4298 4297
30285 4255 4256 4297 4296
30286 4254 4255 4296 4295
30287 4253 4254 4295 4294
30288 4252 4253 4294 4293
31897 2634 4293 4334 2633
31980 4333 3537 3536 4374
32021 4332 4333 4374 4373
32022 4331 4332 4373 4372
32023 4330 4331 4372 4371
32024 4329 4330 4371 4370
32025 4328 4329 4370 4369
32026 4327 4328 4369 4368
32027 4326 4327 4368 4367
32028 4325 4326 4367 4366
32029 4324 4325 4366 4365
32030 4323 4324 4365 4364
32031 4322 4323 4364 4363
32032 4321 4322 4363 4362
32033 4320 4321 4362 4361
32034 4319 4320 4361 4360
32035 4318 4319 4360 4359
32036 4317 4318 4359 4358
32037 4316 4317 4358 4357
32038 4315 4316 4357 4356
32039 4314 4315 4356 4355
32040 4313 4314 4355 4354
32041 4312 4313 4354 4353
32042 4311 4312 4353 4352
32043 4310 4311 4352 4351
32044 4309 4310 4351 4350
32045 4308 4309 4350 4349
32046 4307 4308 4349 4348
32047 4306 4307 4348 4347
32048 4305 4306 4347 4346
32049 4304 4305 4346 4345
32050 4303 4304 4345 4344
32051 4302 4303 4344 4343
32052 4301 4302 4343 4342
32053 4300 4301 4342 4341
32054 4299 4300 4341 4340
32055 4298 4299 4340 4339
32056 4297 4298 4339 4338
32057 4296 4297 4338 4337
32058 4295 4296 4337 4336
32059 4294 4295 4336 4335
32060 4293 4294 4335 4334
33669 2633 4334 4375 2632
33752 4374 3536 3535 4415
33793 4373 4374 4415 4414
33794 4372 4373 4414 4413
33795 4371 4372 4413 4412
33796 4370 4371 4412 4411
33797 4369 4370 4411 4410
33798 4368 4369 4410 4409
33799 4367 4368 4409 4408
33800 4366 4367 4408 4407
33801 4365 4366 4407 4406
33802 4364 4365 4406 4405
33803 4363 4364 4405 4404
33804 4362 4363 4404 4403
33805 4361 4362 4403 4402
33806 4360 4361 4402 4401
33807 4359 4360 4401 4400
33808 4358 4359 4400 4399
33809 4357 4358 4399 4398
33810 4356 4357 4398 4397
33811 4355 4356 4397 4396
33812 4354 4355 4396 4395
33813 4353 4354 4395 4394
33814 4352 4353 4394 4393
33815 4351 4352 4393 4392
33816 4350 4351 4392 4391
33817 4349 4350 4391 4390
33818 4348 4349 4390 4389
33819 4347 4348 4389 4388
33820 4346 4347 4388 4387
33821 4345 4346 4387 4386
33822 4344 4345 4386 4385
33823 4343 4344 4385 4384
33824 4342 4343 4384 4383
33825 4341 4342 4383 4382
33826 4340 4341 4382 4381
33827 4339 4340 4381 4380
33828 4338 4339 4380 4379
33829 4337 4338 4379 4378
33830 4336 4337 4378 4377
33831 4335 4336 4377 4376
33832 4334 4335 4376 4375
35441 2632 4375 3555 2631
35524 4415 3535 3534 3595
35565 4414 4415 3595 3594
35566 4413 4414 3594 3593
35567 4412 4413 3593 3592
35568 4411 4412 3592 3591
35569 4410 4411 3591 3590
35570 4409 4410 3590 3589
35571 4408 4409 3589 3588
35572 4407 4408 3588 3587
35573 4406 4407 3587 3586
35574 4405 4406 3586 3585
35575 4404 4405 3585 3584
35576 4403 4404 3584 3583
35577 4402 4403 3583 3582
35578 4401 4402 3582 3581
35579 4400 4401 3581 3580
35580 4399 4400 3580 3579
35581 4398 4399 3579 3578
35582 4397 4398 3578 3577
35583 4396 4397 3577 3576
35584 4395 4396 3576 3575
35585 4394 4395 3575 3574
35586 4393 4394 3574 3573
35587 4392 4393 3573 3572
35588 4391 4392 3572 3571
35589 4390 4391 3571 3570
35590 4389 4390 3570 3569
35591 4388 4389 3569 3568
35592 4387 4388 3568 3567
35593 4386 4387 3567 3566
35594 4385 4386 3566 3565
35595 4384 4385 3565 3564
35596 4383 4384 3564 3563
35597 4382 4383 3563 3562
35598 4381 4382 3562 3561
35599 4380 4381 3561 3560
35600 4379 4380 3560 3559
35601 4378 4379 3559 3558
35602 4377 4378 3558 3557
35603 4376 4377 3557 3556
35604 4375 4376 3556 3555
