1772
35441 2693 2631 3555 39559
35442 2692 2693 39559 39560
35443 2691 2692 39560 39561
35444 2690 2691 39561 39562
35445 2689 2690 39562 39563
35446 2688 2689 39563 39564
35447 2687 2688 39564 39565
35448 2686 2687 39565 39566
35449 2685 2686 39566 39567
35450 2684 2685 39567 39568
35451 2683 2684 39568 39569
35452 2682 2683 39569 39570
35453 2681 2682 39570 39571
35454 2680 2681 39571 39572
35455 2679 2680 39572 39573
35456 2678 2679 39573 39574
35457 2677 2678 39574 39575
35458 2676 2677 39575 39576
35459 2675 2676 39576 39577
35460 2674 2675 39577 39578
35461 2673 2674 39578 39579
35462 2672 2673 39579 39580
35463 2671 2672 39580 39581
35464 2670 2671 39581 39582
35465 2669 2670 39582 39583
35466 2668 2669 39583 39584
35467 2667 2668 39584 39585
35468 2666 2667 39585 39586
35469 2665 2666 39586 39587
35470 2664 2665 39587 39588
35471 2663 2664 39588 39589
35472 2662 2663 39589 39590
35473 2661 2662 39590 39591
35474 2660 2661 39591 39592
35475 2659 2660 39592 39593
35476 2658 2659 39593 39594
35477 2657 2658 39594 39595
35478 2656 2657 39595 39596
35479 2655 2656 39596 39597
35480 2654 2655 39597 39598
35481 2653 2654 39598 39599
35482 2652 2653 39599 5338
35483 4477 4416 5298 39600
35484 4476 4477 39600 39601
35485 4475 4476 39601 39602
35486 4474 4475 39602 39603
35487 4473 4474 39603 39604
35488 4472 4473 39604 39605
35489 4471 4472 39605 39606
35490 4470 4471 39606 39607
35491 4469 4470 39607 39608
35492 4468 4469 39608 39609
35493 4467 4468 39609 39610
35494 4466 4467 39610 39611
35495 4465 4466 39611 39612
35496 4464 4465 39612 39613
35497 4463 4464 39613 39614
35498 4462 4463 39614 39615
35499 4461 4462 39615 39616
35500 4460 4461 39616 39617
35501 4459 4460 39617 39618
35502 4458 4459 39618 39619
35503 4457 4458 39619 39620
35504 4456 4457 39620 39621
35505 4455 4456 39621 39622
35506 4454 4455 39622 39623
35507 4453 4454 39623 39624
35508 4452 4453 39624 39625
35509 4451 4452 39625 39626
35510 4450 4451 39626 39627
35511 4449 4450 39627 39628
35512 4448 4449 39628 39629
35513 4447 4448 39629 39630
35514 4446 4447 39630 39631
35515 4445 4446 39631 39632
35516 4444 4445 39632 39633
35517 4443 4444 39633 39634
35518 4442 4443 39634 39635
35519 4441 4442 39635 39636
35520 4440 4441 39636 39637
35521 4439 4440 39637 39638
35522 4438 4439 39638 39639
35523 4437 4438 39639 39640
35524 3534 4437 39640 3595
35525 5337 5338 39599 39641
35526 5336 5337 39641 39642
35527 5335 5336 39642 39643
35528 5334 5335 39643 39644
35529 5333 5334 39644 39645
35530 5332 5333 39645 39646
35531 5331 5332 39646 39647
35532 5330 5331 39647 39648
35533 5329 5330 39648 39649
35534 5328 5329 39649 39650
35535 5327 5328 39650 39651
35536 5326 5327 39651 39652
35537 5325 5326 39652 39653
35538 5324 5325 39653 39654
35539 5323 5324 39654 39655
35540 5322 5323 39655 39656
35541 5321 5322 39656 39657
35542 5320 5321 39657 39658
35543 5319 5320 39658 39659
35544 5318 5319 39659 39660
35545 5317 5318 39660 39661
35546 5316 5317 39661 39662
35547 5315 5316 39662 39663
35548 5314 5315 39663 39664
35549 5313 5314 39664 39665
35550 5312 5313 39665 39666
35551 5311 5312 39666 39667
35552 5310 5311 39667 39668
35553 5309 5310 39668 39669
35554 5308 5309 39669 39670
35555 5307 5308 39670 39671
35556 5306 5307 39671 39672
35557 5305 5306 39672 39673
35558 5304 5305 39673 39674
35559 5303 5304 39674 39675
35560 5302 5303 39675 39676
35561 5301 5302 39676 39677
35562 5300 5301 39677 39678
35563 5299 5300 39678 39679
35564 5298 5299 39679 39600
35565 3594 3595 39640 39680
35566 3593 3594 39680 39681
35567 3592 3593 39681 39682
35568 3591 3592 39682 39683
35569 3590 3591 39683 39684
35570 3589 3590 39684 39685
35571 3588 3589 39685 39686
35572 3587 3588 39686 39687
35573 3586 3587 39687 39688
35574 3585 3586 39688 39689
35575 3584 3585 39689 39690
35576 3583 3584 39690 39691
35577 3582 3583 39691 39692
35578 3581 3582 39692 39693
35579 3580 3581 39693 39694
35580 3579 3580 39694 39695
35581 3578 3579 39695 39696
35582 3577 3578 39696 39697
35583 3576 3577 39697 39698
35584 3575 3576 39698 39699
35585 3574 3575 39699 39700
35586 3573 3574 39700 39701
35587 3572 3573 39701 39702
35588 3571 3572 39702 39703
35589 3570 3571 39703 39704
35590 3569 3570 39704 39705
35591 3568 3569 39705 39706
35592 3567 3568 39706 39707
35593 3566 3567 39707 39708
35594 3565 3566 39708 39709
35595 3564 3565 39709 39710
35596 3563 3564 39710 39711
35597 3562 3563 39711 39712
35598 3561 3562 39712 39713
35599 3560 3561 39713 39714
35600 3559 3560 39714 39715
35601 3558 3559 39715 39716
35602 3557 3558 39716 39717
35603 3556 3557 39717 39718
35604 3555 3556 39718 39559
35605 1913 1875 39720 39719
35606 1912 1913 39719 39721
35607 1911 1912 39721 39722
35608 1910 1911 39722 39723
35609 1909 1910 39723 39724
35610 1908 1909 39724 39725
35611 1907 1908 39725 39726
35612 1906 1907 39726 39727
35613 1905 1906 39727 39728
35614 1904 1905 39728 39729
35615 1903 1904 39729 39730
35616 1902 1903 39730 39731
35617 1901 1902 39731 39732
35618 1900 1901 39732 39733
35619 1899 1900 39733 39734
35620 1898 1899 39734 39735
35621 1897 1898 39735 39736
35622 39737 1896 1897 39736
35623 39738 1896 39737 39739
35624 39740 1896 39738 39741
35625 2274 1896 39740 39742
35626 2275 2274 39742 39743
35627 2276 2275 39743 39744
35628 2277 2276 39744 39745
35629 2278 2277 39745 39746
35630 2279 2278 39746 39747
35631 2280 2279 39747 39748
35632 2281 2280 39748 39749
35633 2282 2281 39749 39750
35634 2283 2282 39750 39751
35635 2284 2283 39751 39752
35636 2285 2284 39752 39753
35637 2286 2285 39753 39754
35638 2287 2286 39754 39755
35639 2288 2287 39755 39756
35640 2289 2288 39756 39757
35641 2290 2289 39757 39758
35642 1875 2290 39758 39759
35643 39760 1875 39759 39761
35644 39720 1875 39760 39762
35645 39763 39720 39762 39764
35646 39719 39720 39763 39765
35647 39641 39599 39598 39766
35648 39642 39641 39766 39767
35649 39643 39642 39767 39768
35650 39644 39643 39768 39769
35651 39645 39644 39769 39770
35652 39646 39645 39770 39771
35653 39647 39646 39771 39772
35654 39648 39647 39772 39773
35655 39649 39648 39773 39774
35656 39650 39649 39774 39775
35657 39651 39650 39775 39776
35658 39652 39651 39776 39777
35659 39653 39652 39777 39778
35660 39654 39653 39778 39779
35661 39655 39654 39779 39780
35662 39656 39655 39780 39781
35663 39657 39656 39781 39782
35664 39658 39657 39782 39783
35665 39659 39658 39783 39784
35666 39660 39659 39784 39785
35667 39661 39660 39785 39786
35668 39662 39661 39786 39787
35669 39663 39662 39787 39788
35670 39664 39663 39788 39789
35671 39665 39664 39789 39790
35672 39666 39665 39790 39791
35673 39667 39666 39791 39792
35674 39668 39667 39792 39793
35675 39669 39668 39793 39794
35676 39670 39669 39794 39795
35677 39671 39670 39795 39796
35678 39672 39671 39796 39797
35679 39673 39672 39797 39798
35680 39674 39673 39798 39799
35681 39675 39674 39799 39800
35682 39676 39675 39800 39801
35683 39677 39676 39801 39802
35684 39678 39677 39802 39803
35685 39679 39678 39803 39804
35686 39600 39679 39804 39601
35687 39602 39601 39804 39805
35688 39603 39602 39805 39806
35689 39604 39603 39806 39807
35690 39605 39604 39807 39808
35691 39606 39605 39808 39809
35692 39607 39606 39809 39810
35693 39608 39607 39810 39811
35694 39609 39608 39811 39812
35695 39610 39609 39812 39813
35696 39611 39610 39813 39814
35697 39612 39611 39814 39815
35698 39613 39612 39815 39816
35699 39614 39613 39816 39817
35700 39615 39614 39817 39818
35701 39616 39615 39818 39819
35702 39617 39616 39819 39820
35703 39618 39617 39820 39821
35704 39619 39618 39821 39822
35705 39620 39619 39822 39823
35706 39621 39620 39823 39824
35707 39622 39621 39824 39825
35708 39623 39622 39825 39826
35709 39624 39623 39826 39827
35710 39625 39624 39827 39828
35711 39626 39625 39828 39829
35712 39627 39626 39829 39830
35713 39628 39627 39830 39831
35714 39629 39628 39831 39832
35715 39630 39629 39832 39833
35716 39631 39630 39833 39834
35717 39632 39631 39834 39835
35718 39633 39632 39835 39836
35719 39634 39633 39836 39837
35720 39635 39634 39837 39838
35721 39636 39635 39838 39839
35722 39637 39636 39839 39840
35723 39638 39637 39840 39841
35724 39639 39638 39841 39842
35725 39640 39639 39842 39680
35726 39560 39559 39718 39843
35727 39561 39560 39843 39844
35728 39562 39561 39844 39845
35729 39563 39562 39845 39846
35730 39564 39563 39846 39847
35731 39565 39564 39847 39848
35732 39566 39565 39848 39849
35733 39567 39566 39849 39850
35734 39568 39567 39850 39851
35735 39569 39568 39851 39852
35736 39570 39569 39852 39853
35737 39571 39570 39853 39854
35738 39572 39571 39854 39855
35739 39573 39572 39855 39856
35740 39574 39573 39856 39857
35741 39575 39574 39857 39858
35742 39576 39575 39858 39859
35743 39577 39576 39859 39860
35744 39578 39577 39860 39861
35745 39579 39578 39861 39862
35746 39580 39579 39862 39863
35747 39581 39580 39863 39864
35748 39582 39581 39864 39865
35749 39583 39582 39865 39866
35750 39584 39583 39866 39867
35751 39585 39584 39867 39868
35752 39586 39585 39868 39869
35753 39587 39586 39869 39870
35754 39588 39587 39870 39871
35755 39589 39588 39871 39872
35756 39590 39589 39872 39873
35757 39591 39590 39873 39874
35758 39592 39591 39874 39875
35759 39593 39592 39875 39876
35760 39594 39593 39876 39877
35761 39595 39594 39877 39878
35762 39596 39595 39878 39879
35763 39597 39596 39879 39880
35764 39598 39597 39880 39766
35765 39681 39680 39842 39881
35766 39682 39681 39881 39882
35767 39683 39682 39882 39883
35768 39684 39683 39883 39884
35769 39685 39684 39884 39885
35770 39686 39685 39885 39886
35771 39687 39686 39886 39887
35772 39688 39687 39887 39888
35773 39689 39688 39888 39889
35774 39690 39689 39889 39890
35775 39691 39690 39890 39891
35776 39692 39691 39891 39892
35777 39693 39692 39892 39893
35778 39694 39693 39893 39894
35779 39695 39694 39894 39895
35780 39696 39695 39895 39896
35781 39697 39696 39896 39897
35782 39698 39697 39897 39898
35783 39699 39698 39898 39899
35784 39700 39699 39899 39900
35785 39701 39700 39900 39901
35786 39702 39701 39901 39902
35787 39703 39702 39902 39903
35788 39704 39703 39903 39904
35789 39705 39704 39904 39905
35790 39706 39705 39905 39906
35791 39707 39706 39906 39907
35792 39708 39707 39907 39908
35793 39709 39708 39908 39909
35794 39710 39709 39909 39910
35795 39711 39710 39910 39911
35796 39712 39711 39911 39912
35797 39713 39712 39912 39913
35798 39714 39713 39913 39914
35799 39715 39714 39914 39915
35800 39716 39715 39915 39916
35801 39717 39716 39916 39917
35802 39718 39717 39917 39843
35803 39721 39719 39765 39918
35804 39722 39721 39918 39919
35805 39723 39722 39919 39920
35806 39724 39723 39920 39921
35807 39725 39724 39921 39922
35808 39726 39725 39922 39923
35809 39727 39726 39923 39924
35810 39728 39727 39924 39925
35811 39729 39728 39925 39926
35812 39730 39729 39926 39927
35813 39731 39730 39927 39928
35814 39732 39731 39928 39929
35815 39733 39732 39929 39930
35816 39734 39733 39930 39931
35817 39735 39734 39931 39932
35818 39736 39735 39932 39933
35819 39737 39736 39933 39934
35820 39739 39737 39934 39935
35821 39936 39739 39935 39937
35822 39738 39739 39936 39938
35823 39741 39738 39938 39939
35824 39940 39741 39939 39941
35825 39740 39741 39940 39942
35826 39742 39740 39942 39943
35827 39743 39742 39943 39944
35828 39744 39743 39944 39945
35829 39745 39744 39945 39946
35830 39746 39745 39946 39947
35831 39747 39746 39947 39948
35832 39748 39747 39948 39949
35833 39749 39748 39949 39950
35834 39750 39749 39950 39951
35835 39751 39750 39951 39952
35836 39752 39751 39952 39953
35837 39753 39752 39953 39954
35838 39754 39753 39954 39955
35839 39755 39754 39955 39956
35840 39756 39755 39956 39957
35841 39757 39756 39957 39958
35842 39758 39757 39958 39959
35843 39759 39758 39959 39960
35844 39761 39759 39960 39961
35845 39962 39761 39961 39963
35846 39760 39761 39962 39964
35847 39762 39760 39964 39965
35848 39764 39762 39965 39966
35849 39967 39764 39966 39968
35850 39763 39764 39967 39969
35851 39765 39763 39969 39970
35852 39767 39766 39880 39971
35853 39768 39767 39971 39972
35854 39769 39768 39972 39973
35855 39770 39769 39973 39974
35856 39771 39770 39974 39975
35857 39772 39771 39975 39976
35858 39773 39772 39976 39977
35859 39774 39773 39977 39978
35860 39775 39774 39978 39979
35861 39776 39775 39979 39980
35862 39777 39776 39980 39981
35863 39778 39777 39981 39982
35864 39779 39778 39982 39983
35865 39780 39779 39983 39984
35866 39781 39780 39984 39985
35867 39782 39781 39985 39986
35868 39783 39782 39986 39987
35869 39784 39783 39987 39988
35870 39785 39784 39988 39989
35871 39786 39785 39989 39990
35872 39787 39786 39990 39991
35873 39788 39787 39991 39992
35874 39789 39788 39992 39993
35875 39790 39789 39993 39994
35876 39791 39790 39994 39995
35877 39792 39791 39995 39996
35878 39793 39792 39996 39997
35879 39794 39793 39997 39998
35880 39795 39794 39998 39999
35881 39796 39795 39999 40000
35882 39797 39796 40000 40001
35883 39798 39797 40001 40002
35884 39799 39798 40002 40003
35885 39800 39799 40003 40004
35886 39801 39800 40004 40005
35887 39802 39801 40005 40006
35888 39803 39802 40006 40007
35889 39804 39803 40007 39805
35890 39844 39843 39917 40008
35891 39845 39844 40008 40009
35892 39846 39845 40009 40010
35893 39847 39846 40010 40011
35894 39848 39847 40011 40012
35895 39849 39848 40012 40013
35896 39850 39849 40013 40014
35897 39851 39850 40014 40015
35898 39852 39851 40015 40016
35899 39853 39852 40016 40017
35900 39854 39853 40017 40018
35901 39855 39854 40018 40019
35902 39856 39855 40019 40020
35903 39857 39856 40020 40021
35904 39858 39857 40021 40022
35905 39859 39858 40022 40023
35906 39860 39859 40023 40024
35907 39861 39860 40024 40025
35908 39862 39861 40025 40026
35909 39863 39862 40026 40027
35910 39864 39863 40027 40028
35911 39865 39864 40028 40029
35912 39866 39865 40029 40030
35913 39867 39866 40030 40031
35914 39868 39867 40031 40032
35915 39869 39868 40032 40033
35916 39870 39869 40033 40034
35917 39871 39870 40034 40035
35918 39872 39871 40035 40036
35919 39873 39872 40036 40037
35920 39874 39873 40037 40038
35921 39875 39874 40038 40039
35922 39876 39875 40039 40040
35923 39877 39876 40040 40041
35924 39878 39877 40041 40042
35925 39879 39878 40042 40043
35926 39880 39879 40043 39971
35927 39881 39842 39841 40044
35928 39882 39881 40044 40045
35929 39883 39882 40045 40046
35930 39884 39883 40046 40047
35931 39885 39884 40047 40048
35932 39886 39885 40048 40049
35933 39887 39886 40049 40050
35934 39888 39887 40050 40051
35935 39889 39888 40051 40052
35936 39890 39889 40052 40053
35937 39891 39890 40053 40054
35938 39892 39891 40054 40055
35939 39893 39892 40055 40056
35940 39894 39893 40056 40057
35941 39895 39894 40057 40058
35942 39896 39895 40058 40059
35943 39897 39896 40059 40060
35944 39898 39897 40060 40061
35945 39899 39898 40061 40062
35946 39900 39899 40062 40063
35947 39901 39900 40063 40064
35948 39902 39901 40064 40065
35949 39903 39902 40065 40066
35950 39904 39903 40066 40067
35951 39905 39904 40067 40068
35952 39906 39905 40068 40069
35953 39907 39906 40069 40070
35954 39908 39907 40070 40071
35955 39909 39908 40071 40072
35956 39910 39909 40072 40073
35957 39911 39910 40073 40074
35958 39912 39911 40074 40075
35959 39913 39912 40075 40076
35960 39914 39913 40076 40077
35961 39915 39914 40077 40078
35962 39916 39915 40078 40079
35963 39917 39916 40079 40008
35964 39806 39805 40007 40080
35965 39807 39806 40080 40081
35966 39808 39807 40081 40082
35967 39809 39808 40082 40083
35968 39810 39809 40083 40084
35969 39811 39810 40084 40085
35970 39812 39811 40085 40086
35971 39813 39812 40086 40087
35972 39814 39813 40087 40088
35973 39815 39814 40088 40089
35974 39816 39815 40089 40090
35975 39817 39816 40090 40091
35976 39818 39817 40091 40092
35977 39819 39818 40092 40093
35978 39820 39819 40093 40094
35979 39821 39820 40094 40095
35980 39822 39821 40095 40096
35981 39823 39822 40096 40097
35982 39824 39823 40097 40098
35983 39825 39824 40098 40099
35984 39826 39825 40099 40100
35985 39827 39826 40100 40101
35986 39828 39827 40101 40102
35987 39829 39828 40102 40103
35988 39830 39829 40103 40104
35989 39831 39830 40104 40105
35990 39832 39831 40105 40106
35991 39833 39832 40106 40107
35992 39834 39833 40107 40108
35993 39835 39834 40108 40109
35994 39836 39835 40109 40110
35995 39837 39836 40110 40111
35996 39838 39837 40111 40112
35997 39839 39838 40112 40113
35998 39840 39839 40113 40114
35999 39841 39840 40114 40044
36000 39918 39765 39970 40115
36001 39919 39918 40115 40116
36002 39920 39919 40116 40117
36003 39921 39920 40117 40118
36004 39922 39921 40118 40119
36005 39923 39922 40119 40120
36006 39924 39923 40120 40121
36007 39925 39924 40121 40122
36008 39926 39925 40122 40123
36009 39927 39926 40123 40124
36010 39928 39927 40124 40125
36011 39929 39928 40125 40126
36012 39930 39929 40126 40127
36013 39931 39930 40127 40128
36014 39932 39931 40128 40129
36015 39933 39932 40129 40130
36016 39934 39933 40130 40131
36017 39935 39934 40131 40132
36018 39937 39935 40132 40133
36019 40134 39937 40133 40135
36020 39936 39937 40134 40136
36021 39938 39936 40136 40137
36022 39939 39938 40137 40138
36023 39941 39939 40138 40139
36024 40140 39941 40139 40141
36025 39940 39941 40140 40142
36026 39942 39940 40142 40143
36027 39943 39942 40143 40144
36028 39944 39943 40144 40145
36029 39945 39944 40145 40146
36030 39946 39945 40146 40147
36031 39947 39946 40147 40148
36032 39948 39947 40148 40149
36033 39949 39948 40149 40150
36034 39950 39949 40150 40151
36035 39951 39950 40151 40152
36036 39952 39951 40152 40153
36037 39953 39952 40153 40154
36038 39954 39953 40154 40155
36039 39955 39954 40155 40156
36040 39956 39955 40156 40157
36041 39957 39956 40157 40158
36042 39958 39957 40158 40159
36043 39959 39958 40159 40160
36044 39960 39959 40160 40161
36045 39961 39960 40161 40162
36046 39963 39961 40162 40163
36047 40164 39963 40163 40165
36048 39962 39963 40164 40166
36049 39964 39962 40166 40167
36050 39965 39964 40167 40168
36051 39966 39965 40168 40169
36052 39968 39966 40169 40170
36053 40171 39968 40170 40172
36054 39967 39968 40171 40173
36055 39969 39967 40173 40174
36056 39970 39969 40174 40175
36057 40009 40008 40079 40176
36058 40010 40009 40176 40177
36059 40011 40010 40177 40178
36060 40012 40011 40178 40179
36061 40013 40012 40179 40180
36062 40014 40013 40180 40181
36063 40015 40014 40181 40182
36064 40016 40015 40182 40183
36065 40017 40016 40183 40184
36066 40018 40017 40184 40185
36067 40019 40018 40185 40186
36068 40020 40019 40186 40187
36069 40021 40020 40187 40188
36070 40022 40021 40188 40189
36071 40023 40022 40189 40190
36072 40024 40023 40190 40191
36073 40025 40024 40191 40192
36074 40026 40025 40192 40193
36075 40027 40026 40193 40194
36076 40028 40027 40194 40195
36077 40029 40028 40195 40196
36078 40030 40029 40196 40197
36079 40031 40030 40197 40198
36080 40032 40031 40198 40199
36081 40033 40032 40199 40200
36082 40034 40033 40200 40201
36083 40035 40034 40201 40202
36084 40036 40035 40202 40203
36085 40037 40036 40203 40204
36086 40038 40037 40204 40205
36087 40039 40038 40205 40206
36088 40040 40039 40206 40207
36089 40041 40040 40207 40208
36090 40042 40041 40208 40209
36091 40043 40042 40209 40210
36092 39971 40043 40210 39972
36093 40045 40044 40114 40211
36094 40046 40045 40211 40212
36095 40047 40046 40212 40213
36096 40048 40047 40213 40214
36097 40049 40048 40214 40215
36098 40050 40049 40215 40216
36099 40051 40050 40216 40217
36100 40052 40051 40217 40218
36101 40053 40052 40218 40219
36102 40054 40053 40219 40220
36103 40055 40054 40220 40221
36104 40056 40055 40221 40222
36105 40057 40056 40222 40223
36106 40058 40057 40223 40224
36107 40059 40058 40224 40225
36108 40060 40059 40225 40226
36109 40061 40060 40226 40227
36110 40062 40061 40227 40228
36111 40063 40062 40228 40229
36112 40064 40063 40229 40230
36113 40065 40064 40230 40231
36114 40066 40065 40231 40232
36115 40067 40066 40232 40233
36116 40068 40067 40233 40234
36117 40069 40068 40234 40235
36118 40070 40069 40235 40236
36119 40071 40070 40236 40237
36120 40072 40071 40237 40238
36121 40073 40072 40238 40239
36122 40074 40073 40239 40240
36123 40075 40074 40240 40241
36124 40076 40075 40241 40242
36125 40077 40076 40242 40243
36126 40078 40077 40243 40244
36127 40079 40078 40244 40176
36128 39973 39972 40210 40245
36129 39974 39973 40245 40246
36130 39975 39974 40246 40247
36131 39976 39975 40247 40248
36132 39977 39976 40248 40249
36133 39978 39977 40249 40250
36134 39979 39978 40250 40251
36135 39980 39979 40251 40252
36136 39981 39980 40252 40253
36137 39982 39981 40253 40254
36138 39983 39982 40254 40255
36139 39984 39983 40255 40256
36140 39985 39984 40256 40257
36141 39986 39985 40257 40258
36142 39987 39986 40258 40259
36143 39988 39987 40259 40260
36144 39989 39988 40260 40261
36145 39990 39989 40261 40262
36146 39991 39990 40262 40263
36147 39992 39991 40263 40264
36148 39993 39992 40264 40265
36149 39994 39993 40265 40266
36150 39995 39994 40266 40267
36151 39996 39995 40267 40268
36152 39997 39996 40268 40269
36153 39998 39997 40269 40270
36154 39999 39998 40270 40271
36155 40000 39999 40271 40272
36156 40001 40000 40272 40273
36157 40002 40001 40273 40274
36158 40003 40002 40274 40275
36159 40004 40003 40275 40276
36160 40005 40004 40276 40277
36161 40006 40005 40277 40278
36162 40007 40006 40278 40080
36163 40081 40080 40278 40279
36164 40082 40081 40279 40280
36165 40083 40082 40280 40281
36166 40084 40083 40281 40282
36167 40085 40084 40282 40283
36168 40086 40085 40283 40284
36169 40087 40086 40284 40285
36170 40088 40087 40285 40286
36171 40089 40088 40286 40287
36172 40090 40089 40287 40288
36173 40091 40090 40288 40289
36174 40092 40091 40289 40290
36175 40093 40092 40290 40291
36176 40094 40093 40291 40292
36177 40095 40094 40292 40293
36178 40096 40095 40293 40294
36179 40097 40096 40294 40295
36180 40098 40097 40295 40296
36181 40099 40098 40296 40297
36182 40100 40099 40297 40298
36183 40101 40100 40298 40299
36184 40102 40101 40299 40300
36185 40103 40102 40300 40301
36186 40104 40103 40301 40302
36187 40105 40104 40302 40303
36188 40106 40105 40303 40304
36189 40107 40106 40304 40305
36190 40108 40107 40305 40306
36191 40109 40108 40306 40307
36192 40110 40109 40307 40308
36193 40111 40110 40308 40309
36194 40112 40111 40309 40310
36195 40113 40112 40310 40311
36196 40114 40113 40311 40211
36197 40115 39970 40175 40312
36198 40116 40115 40312 40313
36199 40117 40116 40313 40314
36200 40118 40117 40314 40315
36201 40119 40118 40315 40316
36202 40120 40119 40316 40317
36203 40121 40120 40317 40318
36204 40122 40121 40318 40319
36205 40123 40122 40319 40320
36206 40124 40123 40320 40321
36207 40125 40124 40321 40322
36208 40126 40125 40322 40323
36209 40127 40126 40323 40324
36210 40128 40127 40324 40325
36211 40129 40128 40325 40326
36212 40130 40129 40326 40327
36213 40131 40130 40327 40328
36214 40132 40131 40328 40329
36215 40133 40132 40329 40330
36216 40135 40133 40330 40331
36217 40332 40135 40331 40333
36218 40134 40135 40332 40334
36219 40136 40134 40334 40335
36220 40137 40136 40335 40336
36221 40138 40137 40336 40337
36222 40139 40138 40337 40338
36223 40141 40139 40338 40339
36224 40340 40141 40339 40341
36225 40140 40141 40340 40342
36226 40142 40140 40342 40343
36227 40143 40142 40343 40344
36228 40144 40143 40344 40345
36229 40145 40144 40345 40346
36230 40146 40145 40346 40347
36231 40147 40146 40347 40348
36232 40148 40147 40348 40349
36233 40149 40148 40349 40350
36234 40150 40149 40350 40351
36235 40151 40150 40351 40352
36236 40152 40151 40352 40353
36237 40153 40152 40353 40354
36238 40154 40153 40354 40355
36239 40155 40154 40355 40356
36240 40156 40155 40356 40357
36241 40157 40156 40357 40358
36242 40158 40157 40358 40359
36243 40159 40158 40359 40360
36244 40160 40159 40360 40361
36245 40161 40160 40361 40362
36246 40162 40161 40362 40363
36247 40163 40162 40363 40364
36248 40165 40163 40364 40365
36249 40366 40165 40365 40367
36250 40164 40165 40366 40368
36251 40166 40164 40368 40369
36252 40167 40166 40369 40370
36253 40168 40167 40370 40371
36254 40169 40168 40371 40372
36255 40170 40169 40372 40373
36256 40172 40170 40373 40374
36257 40375 40172 40374 40376
36258 40171 40172 40375 40377
36259 40173 40171 40377 40378
36260 40174 40173 40378 40379
36261 40175 40174 40379 40380
36262 40177 40176 40244 40381
36263 40178 40177 40381 40382
36264 40179 40178 40382 40383
36265 40180 40179 40383 40384
36266 40181 40180 40384 40385
36267 40182 40181 40385 40386
36268 40183 40182 40386 40387
36269 40184 40183 40387 40388
36270 40185 40184 40388 40389
36271 40186 40185 40389 40390
36272 40187 40186 40390 40391
36273 40188 40187 40391 40392
36274 40189 40188 40392 40393
36275 40190 40189 40393 40394
36276 40191 40190 40394 40395
36277 40192 40191 40395 40396
36278 40193 40192 40396 40397
36279 40194 40193 40397 40398
36280 40195 40194 40398 40399
36281 40196 40195 40399 40400
36282 40197 40196 40400 40401
36283 40198 40197 40401 40402
36284 40199 40198 40402 40403
36285 40200 40199 40403 40404
36286 40201 40200 40404 40405
36287 40202 40201 40405 40406
36288 40203 40202 40406 40407
36289 40204 40203 40407 40408
36290 40205 40204 40408 40409
36291 40206 40205 40409 40410
36292 40207 40206 40410 40411
36293 40208 40207 40411 40412
36294 40209 40208 40412 40413
36295 40210 40209 40413 40245
36296 40246 40245 40413 40414
36297 40247 40246 40414 40415
36298 40248 40247 40415 40416
36299 40249 40248 40416 40417
36300 40250 40249 40417 40418
36301 40251 40250 40418 40419
36302 40252 40251 40419 40420
36303 40253 40252 40420 40421
36304 40254 40253 40421 40422
36305 40255 40254 40422 40423
36306 40256 40255 40423 40424
36307 40257 40256 40424 40425
36308 40258 40257 40425 40426
36309 40259 40258 40426 40427
36310 40260 40259 40427 40428
36311 40261 40260 40428 40429
36312 40262 40261 40429 40430
36313 40263 40262 40430 40431
36314 40264 40263 40431 40432
36315 40265 40264 40432 40433
36316 40266 40265 40433 40434
36317 40267 40266 40434 40435
36318 40268 40267 40435 40436
36319 40269 40268 40436 40437
36320 40270 40269 40437 40438
36321 40271 40270 40438 40439
36322 40272 40271 40439 40440
36323 40273 40272 40440 40441
36324 40274 40273 40441 40442
36325 40275 40274 40442 40443
36326 40276 40275 40443 40444
36327 40277 40276 40444 40445
36328 40278 40277 40445 40279
36329 40280 40279 40445 40446
36330 40281 40280 40446 40447
36331 40282 40281 40447 40448
36332 40283 40282 40448 40449
36333 40284 40283 40449 40450
36334 40285 40284 40450 40451
36335 40286 40285 40451 40452
36336 40287 40286 40452 40453
36337 40288 40287 40453 40454
36338 40289 40288 40454 40455
36339 40290 40289 40455 40456
36340 40291 40290 40456 40457
36341 40292 40291 40457 40458
36342 40293 40292 40458 40459
36343 40294 40293 40459 40460
36344 40295 40294 40460 40461
36345 40296 40295 40461 40462
36346 40297 40296 40462 40463
36347 40298 40297 40463 40464
36348 40299 40298 40464 40465
36349 40300 40299 40465 40466
36350 40301 40300 40466 40467
36351 40302 40301 40467 40468
36352 40303 40302 40468 40469
36353 40304 40303 40469 40470
36354 40305 40304 40470 40471
36355 40306 40305 40471 40472
36356 40307 40306 40472 40473
36357 40308 40307 40473 40474
36358 40309 40308 40474 40475
36359 40310 40309 40475 40476
36360 40311 40310 40476 40477
36361 40211 40311 40477 40212
36362 40213 40212 40477 40478
36363 40214 40213 40478 40479
36364 40215 40214 40479 40480
36365 40216 40215 40480 40481
36366 40217 40216 40481 40482
36367 40218 40217 40482 40483
36368 40219 40218 40483 40484
36369 40220 40219 40484 40485
36370 40221 40220 40485 40486
36371 40222 40221 40486 40487
36372 40223 40222 40487 40488
36373 40224 40223 40488 40489
36374 40225 40224 40489 40490
36375 40226 40225 40490 40491
36376 40227 40226 40491 40492
36377 40228 40227 40492 40493
36378 40229 40228 40493 40494
36379 40230 40229 40494 40495
36380 40231 40230 40495 40496
36381 40232 40231 40496 40497
36382 40233 40232 40497 40498
36383 40234 40233 40498 40499
36384 40235 40234 40499 40500
36385 40236 40235 40500 40501
36386 40237 40236 40501 40502
36387 40238 40237 40502 40503
36388 40239 40238 40503 40504
36389 40240 40239 40504 40505
36390 40241 40240 40505 40506
36391 40242 40241 40506 40507
36392 40243 40242 40507 40508
36393 40244 40243 40508 40381
36394 40312 40175 40380 40509
36395 40313 40312 40509 40510
36396 40314 40313 40510 40511
36397 40315 40314 40511 40512
36398 40316 40315 40512 40513
36399 40317 40316 40513 40514
36400 40318 40317 40514 40515
36401 40319 40318 40515 40516
36402 40320 40319 40516 40517
36403 40321 40320 40517 40518
36404 40322 40321 40518 40519
36405 40323 40322 40519 40520
36406 40324 40323 40520 40521
36407 40325 40324 40521 40522
36408 40326 40325 40522 40523
36409 40327 40326 40523 40524
36410 40328 40327 40524 40525
36411 40329 40328 40525 40526
36412 40330 40329 40526 40527
36413 40331 40330 40527 40528
36414 40333 40331 40528 40529
36415 40530 40333 40529 40531
36416 40332 40333 40530 40532
36417 40334 40332 40532 40533
36418 40335 40334 40533 40534
36419 40336 40335 40534 40535
36420 40337 40336 40535 40536
36421 40338 40337 40536 40537
36422 40339 40338 40537 40538
36423 40341 40339 40538 40539
36424 40540 40341 40539 40541
36425 40340 40341 40540 40542
36426 40342 40340 40542 40543
36427 40343 40342 40543 40544
36428 40344 40343 40544 40545
36429 40345 40344 40545 40546
36430 40346 40345 40546 40547
36431 40347 40346 40547 40548
36432 40348 40347 40548 40549
36433 40349 40348 40549 40550
36434 40350 40349 40550 40551
36435 40351 40350 40551 40552
36436 40352 40351 40552 40553
36437 40353 40352 40553 40554
36438 40354 40353 40554 40555
36439 40355 40354 40555 40556
36440 40356 40355 40556 40557
36441 40357 40356 40557 40558
36442 40358 40357 40558 40559
36443 40359 40358 40559 40560
36444 40360 40359 40560 40561
36445 40361 40360 40561 40562
36446 40362 40361 40562 40563
36447 40363 40362 40563 40564
36448 40364 40363 40564 40565
36449 40365 40364 40565 40566
36450 40367 40365 40566 40567
36451 40568 40367 40567 40569
36452 40366 40367 40568 40570
36453 40368 40366 40570 40571
36454 40369 40368 40571 40572
36455 40370 40369 40572 40573
36456 40371 40370 40573 40574
36457 40372 40371 40574 40575
36458 40373 40372 40575 40576
36459 40374 40373 40576 40577
36460 40376 40374 40577 40578
36461 40579 40376 40578 40580
36462 40375 40376 40579 40581
36463 40377 40375 40581 40582
36464 40378 40377 40582 40583
36465 40379 40378 40583 40584
36466 40380 40379 40584 40585
36467 40382 40381 40508 40586
36468 40383 40382 40586 40587
36469 40384 40383 40587 40588
36470 40385 40384 40588 40589
36471 40386 40385 40589 40590
36472 40387 40386 40590 40591
36473 40388 40387 40591 40592
36474 40389 40388 40592 40593
36475 40390 40389 40593 40594
36476 40391 40390 40594 40595
36477 40392 40391 40595 40596
36478 40393 40392 40596 40597
36479 40394 40393 40597 40598
36480 40395 40394 40598 40599
36481 40396 40395 40599 40600
36482 40397 40396 40600 40601
36483 40398 40397 40601 40602
36484 40399 40398 40602 40603
36485 40400 40399 40603 40604
36486 40401 40400 40604 40605
36487 40402 40401 40605 40606
36488 40403 40402 40606 40607
36489 40404 40403 40607 40608
36490 40405 40404 40608 40609
36491 40406 40405 40609 40610
36492 40407 40406 40610 40611
36493 40408 40407 40611 40612
36494 40409 40408 40612 40613
36495 40410 40409 40613 40614
36496 40411 40410 40614 40615
36497 40412 40411 40615 40616
36498 40413 40412 40616 40414
36499 40415 40414 40616 40617
36500 40416 40415 40617 40618
36501 40417 40416 40618 40619
36502 40418 40417 40619 40620
36503 40419 40418 40620 40621
36504 40420 40419 40621 40622
36505 40421 40420 40622 40623
36506 40422 40421 40623 40624
36507 40423 40422 40624 40625
36508 40424 40423 40625 40626
36509 40425 40424 40626 40627
36510 40426 40425 40627 40628
36511 40427 40426 40628 40629
36512 40428 40427 40629 40630
36513 40429 40428 40630 40631
36514 40430 40429 40631 40632
36515 40433 40432 40634 40633
36516 40434 40433 40633 40635
36517 40435 40434 40635 40636
36518 40436 40435 40636 40637
36519 40437 40436 40637 40638
36520 40438 40437 40638 40639
36521 40439 40438 40639 40640
36522 40440 40439 40640 40641
36523 40441 40440 40641 40642
36524 40442 40441 40642 40643
36525 40443 40442 40643 40644
36526 40444 40443 40644 40645
36527 40445 40444 40645 40446
36528 40447 40446 40645 40646
36529 40448 40447 40646 40647
36530 40449 40448 40647 40648
36531 40450 40449 40648 40649
36532 40451 40450 40649 40650
36533 40452 40451 40650 40651
36534 40453 40452 40651 40652
36535 40454 40453 40652 40653
36536 40455 40454 40653 40654
36537 40456 40455 40654 40655
36538 40457 40456 40655 40656
36539 40458 40457 40656 40657
36540 40459 40458 40657 40658
36541 40460 40459 40658 40659
36542 40461 40460 40659 40660
36543 40462 40461 40660 40661
36544 40463 40462 40661 40662
36545 40464 40463 40662 40663
36546 40465 40464 40663 40664
36547 40466 40465 40664 40665
36548 40467 40466 40665 40666
36549 40468 40467 40666 40667
36550 40469 40468 40667 40668
36551 40470 40469 40668 40669
36552 40471 40470 40669 40670
36553 40472 40471 40670 40671
36554 40473 40472 40671 40672
36555 40474 40473 40672 40673
36556 40475 40474 40673 40674
36557 40476 40475 40674 40675
36558 40477 40476 40675 40478
36559 40479 40478 40675 40676
36560 40480 40479 40676 40677
36561 40481 40480 40677 40678
36562 40482 40481 40678 40679
36563 40483 40482 40679 40680
36564 40484 40483 40680 40681
36565 40485 40484 40681 40682
36566 40486 40485 40682 40683
36567 40487 40486 40683 40684
36568 40488 40487 40684 40685
36569 40489 40488 40685 40686
36570 40490 40489 40686 40687
36571 40491 40490 40687 40688
36572 40492 40491 40688 40689
36573 40493 40492 40689 40690
36574 40494 40493 40690 40691
36575 40495 40494 40691 40692
36576 40496 40495 40692 40693
36577 40497 40496 40693 40694
36578 40498 40497 40694 40695
36579 40499 40498 40695 40696
36580 40500 40499 40696 40697
36581 40501 40500 40697 40698
36582 40502 40501 40698 40699
36583 40503 40502 40699 40700
36584 40504 40503 40700 40701
36585 40505 40504 40701 40702
36586 40506 40505 40702 40703
36587 40507 40506 40703 40704
36588 40508 40507 40704 40586
36589 40509 40380 40585 40705
36590 40510 40509 40705 40706
36591 40511 40510 40706 40707
36592 40512 40511 40707 40708
36593 40513 40512 40708 40709
36594 40514 40513 40709 40710
36595 40515 40514 40710 40711
36596 40516 40515 40711 40712
36597 40517 40516 40712 40713
36598 40518 40517 40713 40714
36599 40519 40518 40714 40715
36600 40520 40519 40715 40716
36601 40521 40520 40716 40717
36602 40522 40521 40717 40718
36603 40523 40522 40718 40719
36604 40524 40523 40719 40720
36605 40525 40524 40720 40721
36606 40526 40525 40721 40722
36607 40527 40526 40722 40723
36608 40528 40527 40723 40724
36609 40529 40528 40724 40725
36610 40531 40529 40725 40726
36611 40633 40531 40726 40635
36612 40530 40531 40633 40634
36613 40532 40530 40634 40727
36614 40432 40431 40727 40634
36615 40533 40532 40727 40632
36616 40431 40430 40632 40727
36617 40534 40533 40632 40535
36618 40536 40535 40632 40631
36619 40537 40536 40631 40630
36620 40538 40537 40630 40629
36621 40539 40538 40629 40628
36622 40541 40539 40628 40627
36623 40541 40627 40626 40728
36624 40540 40541 40728 40729
36625 40542 40540 40729 40730
36626 40543 40542 40730 40731
36627 40544 40543 40731 40732
36628 40545 40544 40732 40733
36629 40546 40545 40733 40734
36630 40547 40546 40734 40735
36631 40548 40547 40735 40736
36632 40549 40548 40736 40737
36633 40550 40549 40737 40738
36634 40551 40550 40738 40739
36635 40552 40551 40739 40740
36636 40553 40552 40740 40741
36637 40554 40553 40741 40742
36638 40555 40554 40742 40743
36639 40556 40555 40743 40744
36640 40557 40556 40744 40745
36641 40558 40557 40745 40746
36642 40559 40558 40746 40747
36643 40560 40559 40747 40748
36644 40561 40560 40748 40749
36645 40562 40561 40749 40750
36646 40563 40562 40750 40751
36647 40564 40563 40751 40752
36648 40565 40564 40752 40753
36649 40566 40565 40753 40754
36650 40567 40566 40754 40755
36651 40569 40567 40755 40756
36652 40694 40569 40756 40695
36653 40568 40569 40694 40693
36654 40570 40568 40693 40692
36655 40571 40570 40692 40572
36656 40573 40572 40692 40691
36657 40574 40573 40691 40690
36658 40617 40616 40615 40757
36659 40618 40617 40757 40758
36660 40619 40618 40758 40759
36661 40620 40619 40759 40760
36662 40621 40620 40760 40761
36663 40622 40621 40761 40762
36664 40623 40622 40762 40763
36665 40624 40623 40763 40764
36666 40625 40624 40764 40765
36667 40626 40625 40765 40728
36668 40696 40695 40756 40766
36669 40697 40696 40766 40767
36670 40698 40697 40767 40768
36671 40699 40698 40768 40769
36672 40700 40699 40769 40770
36673 40701 40700 40770 40771
36674 40702 40701 40771 40772
36675 40703 40702 40772 40773
36676 40704 40703 40773 40774
36677 40586 40704 40774 40587
36678 40729 40728 40765 40775
36679 40730 40729 40775 40776
36680 40731 40730 40776 40777
36681 40732 40731 40777 40778
36682 40733 40732 40778 40779
36683 40734 40733 40779 40780
36684 40735 40734 40780 40781
36685 40736 40735 40781 40782
36686 40737 40736 40782 40783
36687 40738 40737 40783 40784
36688 40739 40738 40784 40785
36689 40740 40739 40785 40786
36690 40741 40740 40786 40787
36691 40742 40741 40787 40788
36692 40743 40742 40788 40789
36693 40744 40743 40789 40790
36694 40745 40744 40790 40791
36695 40746 40745 40791 40792
36696 40747 40746 40792 40793
36697 40748 40747 40793 40794
36698 40749 40748 40794 40795
36699 40750 40749 40795 40796
36700 40751 40750 40796 40797
36701 40752 40751 40797 40798
36702 40753 40752 40798 40799
36703 40754 40753 40799 40800
36704 40755 40754 40800 40801
36705 40756 40755 40801 40766
36706 40588 40587 40774 40802
36707 40589 40588 40802 40803
36708 40590 40589 40803 40804
36709 40591 40590 40804 40805
36710 40592 40591 40805 40806
36711 40593 40592 40806 40807
36712 40594 40593 40807 40808
36713 40595 40594 40808 40809
36714 40596 40595 40809 40810
36715 40597 40596 40810 40811
36716 40598 40597 40811 40812
36717 40599 40598 40812 40813
36718 40600 40599 40813 40814
36719 40601 40600 40814 40815
36720 40602 40601 40815 40816
36721 40603 40602 40816 40817
36722 40604 40603 40817 40818
36723 40605 40604 40818 40819
36724 40606 40605 40819 40820
36725 40607 40606 40820 40821
36726 40608 40607 40821 40822
36727 40609 40608 40822 40823
36728 40610 40609 40823 40824
36729 40611 40610 40824 40825
36730 40612 40611 40825 40826
36731 40613 40612 40826 40827
36732 40614 40613 40827 40828
36733 40615 40614 40828 40757
36734 40575 40574 40690 40689
36735 40758 40757 40828 40829
36736 40759 40758 40829 40830
36737 40760 40759 40830 40831
36738 40761 40760 40831 40832
36739 40762 40761 40832 40833
36740 40763 40762 40833 40834
36741 40764 40763 40834 40835
36742 40765 40764 40835 40775
36743 40576 40575 40689 40688
36744 40767 40766 40801 40836
36745 40768 40767 40836 40837
36746 40769 40768 40837 40838
36747 40770 40769 40838 40839
36748 40771 40770 40839 40840
36749 40772 40771 40840 40841
36750 40773 40772 40841 40842
36751 40774 40773 40842 40802
36752 40577 40576 40688 40687
36753 40776 40775 40835 40843
36754 40777 40776 40843 40844
36755 40778 40777 40844 40845
36756 40779 40778 40845 40846
36757 40780 40779 40846 40847
36758 40781 40780 40847 40848
36759 40782 40781 40848 40849
36760 40783 40782 40849 40850
36761 40784 40783 40850 40851
36762 40785 40784 40851 40852
36763 40786 40785 40852 40853
36764 40787 40786 40853 40854
36765 40788 40787 40854 40855
36766 40789 40788 40855 40856
36767 40790 40789 40856 40857
36768 40791 40790 40857 40858
36769 40792 40791 40858 40859
36770 40793 40792 40859 40860
36771 40794 40793 40860 40861
36772 40795 40794 40861 40862
36773 40796 40795 40862 40863
36774 40797 40796 40863 40864
36775 40798 40797 40864 40865
36776 40799 40798 40865 40866
36777 40800 40799 40866 40867
36778 40801 40800 40867 40836
36779 40578 40577 40687 40686
36780 40803 40802 40842 40868
36781 40804 40803 40868 40869
36782 40805 40804 40869 40870
36783 40806 40805 40870 40871
36784 40807 40806 40871 40872
36785 40808 40807 40872 40873
36786 40809 40808 40873 40874
36787 40810 40809 40874 40875
36788 40811 40810 40875 40876
36789 40812 40811 40876 40877
36790 40813 40812 40877 40878
36791 40814 40813 40878 40879
36792 40815 40814 40879 40880
36793 40816 40815 40880 40881
36794 40817 40816 40881 40882
36795 40818 40817 40882 40883
36796 40819 40818 40883 40884
36797 40820 40819 40884 40885
36798 40821 40820 40885 40886
36799 40822 40821 40886 40887
36800 40823 40822 40887 40888
36801 40824 40823 40888 40889
36802 40825 40824 40889 40890
36803 40826 40825 40890 40891
36804 40827 40826 40891 40892
36805 40828 40827 40892 40829
36806 40676 40675 40674 40893
36807 40677 40676 40893 40894
36808 40678 40677 40894 40895
36809 40679 40678 40895 40896
36810 40680 40679 40896 40897
36811 40681 40680 40897 40898
36812 40682 40681 40898 40899
36813 40683 40682 40899 40900
36814 40684 40683 40900 40901
36815 40685 40684 40901 40580
36816 40686 40685 40580 40578
36817 40636 40635 40726 40902
36818 40637 40636 40902 40903
36819 40638 40637 40903 40904
36820 40639 40638 40904 40905
36821 40640 40639 40905 40906
36822 40641 40640 40906 40907
36823 40642 40641 40907 40908
36824 40643 40642 40908 40909
36825 40644 40643 40909 40910
36826 40645 40644 40910 40646
36827 40579 40580 40901 40911
36828 40581 40579 40911 40912
36829 40582 40581 40912 40913
36830 40583 40582 40913 40914
36831 40584 40583 40914 40915
36832 40585 40584 40915 40916
36833 40705 40585 40916 40917
36834 40706 40705 40917 40918
36835 40707 40706 40918 40919
36836 40708 40707 40919 40920
36837 40709 40708 40920 40921
36838 40710 40709 40921 40922
36839 40711 40710 40922 40923
36840 40712 40711 40923 40924
36841 40713 40712 40924 40925
36842 40714 40713 40925 40926
36843 40715 40714 40926 40927
36844 40716 40715 40927 40928
36845 40717 40716 40928 40929
36846 40718 40717 40929 40930
36847 40719 40718 40930 40931
36848 40720 40719 40931 40932
36849 40721 40720 40932 40933
36850 40722 40721 40933 40934
36851 40723 40722 40934 40935
36852 40724 40723 40935 40936
36853 40725 40724 40936 40937
36854 40726 40725 40937 40902
36855 40647 40646 40910 40938
36856 40648 40647 40938 40939
36857 40649 40648 40939 40940
36858 40650 40649 40940 40941
36859 40651 40650 40941 40942
36860 40652 40651 40942 40943
36861 40653 40652 40943 40944
36862 40654 40653 40944 40945
36863 40655 40654 40945 40946
36864 40656 40655 40946 40947
36865 40657 40656 40947 40948
36866 40658 40657 40948 40949
36867 40659 40658 40949 40950
36868 40660 40659 40950 40951
36869 40661 40660 40951 40952
36870 40662 40661 40952 40953
36871 40663 40662 40953 40954
36872 40664 40663 40954 40955
36873 40665 40664 40955 40956
36874 40666 40665 40956 40957
36875 40667 40666 40957 40958
36876 40668 40667 40958 40959
36877 40669 40668 40959 40960
36878 40670 40669 40960 40961
36879 40671 40670 40961 40962
36880 40672 40671 40962 40963
36881 40673 40672 40963 40964
36882 40674 40673 40964 40893
36883 40894 40893 40964 40965
36884 40895 40894 40965 40966
36885 40896 40895 40966 40967
36886 40897 40896 40967 40968
36887 40898 40897 40968 40969
36888 40899 40898 40969 40970
36889 40900 40899 40970 40971
36890 40901 40900 40971 40911
36891 40903 40902 40937 40972
36892 40904 40903 40972 40973
36893 40905 40904 40973 40974
36894 40906 40905 40974 40975
36895 40907 40906 40975 40976
36896 40908 40907 40976 40977
36897 40909 40908 40977 40978
36898 40910 40909 40978 40938
36899 40912 40911 40971 40979
36900 40913 40912 40979 40980
36901 40914 40913 40980 40981
36902 40915 40914 40981 40982
36903 40916 40915 40982 40983
36904 40917 40916 40983 40984
36905 40918 40917 40984 40985
36906 40919 40918 40985 40986
36907 40920 40919 40986 40987
36908 40921 40920 40987 40988
36909 40922 40921 40988 40989
36910 40923 40922 40989 40990
36911 40924 40923 40990 40991
36912 40925 40924 40991 40992
36913 40926 40925 40992 40993
36914 40927 40926 40993 40994
36915 40928 40927 40994 40995
36916 40929 40928 40995 40996
36917 40930 40929 40996 40997
36918 40931 40930 40997 40998
36919 40932 40931 40998 40999
36920 40933 40932 40999 41000
36921 40934 40933 41000 41001
36922 40935 40934 41001 41002
36923 40936 40935 41002 41003
36924 40937 40936 41003 40972
36925 40939 40938 40978 41004
36926 40940 40939 41004 41005
36927 40941 40940 41005 41006
36928 40942 40941 41006 41007
36929 40943 40942 41007 41008
36930 40944 40943 41008 41009
36931 40945 40944 41009 41010
36932 40946 40945 41010 41011
36933 40947 40946 41011 41012
36934 40948 40947 41012 41013
36935 40949 40948 41013 41014
36936 40950 40949 41014 41015
36937 40951 40950 41015 41016
36938 40952 40951 41016 41017
36939 40953 40952 41017 41018
36940 40954 40953 41018 41019
36941 40955 40954 41019 41020
36942 40956 40955 41020 41021
36943 40957 40956 41021 41022
36944 40958 40957 41022 41023
36945 40959 40958 41023 41024
36946 40960 40959 41024 41025
36947 40961 40960 41025 41026
36948 40962 40961 41026 41027
36949 40963 40962 41027 41028
36950 40964 40963 41028 40965
36951 40973 40972 41003 41029
36952 40974 40973 41029 41030
36953 40975 40974 41030 41031
36954 40976 40975 41031 41032
36955 40977 40976 41032 41033
36956 40978 40977 41033 41004
36957 40966 40965 41028 41034
36958 40967 40966 41034 41035
36959 40968 40967 41035 41036
36960 40969 40968 41036 41037
36961 40970 40969 41037 41038
36962 40971 40970 41038 40979
36963 40980 40979 41038 41039
36964 40981 40980 41039 41040
36965 40982 40981 41040 41041
36966 40983 40982 41041 41042
36967 40984 40983 41042 41043
36968 40985 40984 41043 41044
36969 40986 40985 41044 41045
36970 40987 40986 41045 41046
36971 40988 40987 41046 41047
36972 40989 40988 41047 41048
36973 40990 40989 41048 41049
36974 40991 40990 41049 41050
36975 40992 40991 41050 41051
36976 40993 40992 41051 41052
36977 40994 40993 41052 41053
36978 40995 40994 41053 41054
36979 40996 40995 41054 41055
36980 40997 40996 41055 41056
36981 40998 40997 41056 41057
36982 40999 40998 41057 41058
36983 41000 40999 41058 41059
36984 41001 41000 41059 41060
36985 41002 41001 41060 41061
36986 41003 41002 41061 41029
36987 41005 41004 41033 41062
36988 41006 41005 41062 41063
36989 41007 41006 41063 41064
36990 41008 41007 41064 41065
36991 41009 41008 41065 41066
36992 41010 41009 41066 41067
36993 41011 41010 41067 41068
36994 41012 41011 41068 41069
36995 41013 41012 41069 41070
36996 41014 41013 41070 41071
36997 41015 41014 41071 41072
36998 41016 41015 41072 41073
36999 41017 41016 41073 41074
37000 41018 41017 41074 41075
37001 41019 41018 41075 41076
37002 41020 41019 41076 41077
37003 41021 41020 41077 41078
37004 41022 41021 41078 41079
37005 41023 41022 41079 41080
37006 41024 41023 41080 41081
37007 41025 41024 41081 41082
37008 41026 41025 41082 41083
37009 41027 41026 41083 41084
37010 41028 41027 41084 41034
37011 40837 40836 40867 41085
37012 40838 40837 41085 41086
37013 40839 40838 41086 41087
37014 40840 40839 41087 41088
37015 40841 40840 41088 41089
37016 40842 40841 41089 40868
37017 40830 40829 40892 41090
37018 40831 40830 41090 41091
37019 40832 40831 41091 41092
37020 40833 40832 41092 41093
37021 40834 40833 41093 41094
37022 40835 40834 41094 40843
37023 40869 40868 41089 41095
37024 40870 40869 41095 41096
37025 40871 40870 41096 41097
37026 40872 40871 41097 41098
37027 40873 40872 41098 41099
37028 40874 40873 41099 41100
37029 40875 40874 41100 41101
37030 40876 40875 41101 41102
37031 40877 40876 41102 41103
37032 40878 40877 41103 41104
37033 40879 40878 41104 41105
37034 40880 40879 41105 41106
37035 40881 40880 41106 41107
37036 40882 40881 41107 41108
37037 40883 40882 41108 41109
37038 40884 40883 41109 41110
37039 40885 40884 41110 41111
37040 40886 40885 41111 41112
37041 40887 40886 41112 41113
37042 40888 40887 41113 41114
37043 40889 40888 41114 41115
37044 40890 40889 41115 41116
37045 40891 40890 41116 41117
37046 40892 40891 41117 41090
37047 40844 40843 41094 41093
37048 40845 40844 41093 41118
37049 40846 40845 41118 41119
37050 40847 40846 41119 41120
37051 40848 40847 41120 41121
37052 40849 40848 41121 41122
37053 40850 40849 41122 41123
37054 40851 40850 41123 41124
37055 40852 40851 41124 41125
37056 40853 40852 41125 41126
37057 40854 40853 41126 41127
37058 40855 40854 41127 41128
37059 40856 40855 41128 41129
37060 40857 40856 41129 41130
37061 40858 40857 41130 41131
37062 40859 40858 41131 41132
37063 40860 40859 41132 41133
37064 40861 40860 41133 41134
37065 40862 40861 41134 41135
37066 40863 40862 41135 41136
37067 40864 40863 41136 41137
37068 40865 40864 41137 41138
37069 40866 40865 41138 41139
37070 40867 40866 41139 41085
37071 41086 41085 41139 41140
37072 41087 41086 41140 41141
37073 41088 41087 41141 41142
37074 41089 41088 41142 41095
37075 41091 41090 41117 41143
37076 41092 41091 41143 41144
37077 41093 41092 41144 41118
37078 41096 41095 41142 41145
37079 41097 41096 41145 41146
37080 41098 41097 41146 41147
37081 41099 41098 41147 41148
37082 41100 41099 41148 41149
37083 41101 41100 41149 41150
37084 41102 41101 41150 41151
37085 41103 41102 41151 41152
37086 41104 41103 41152 41153
37087 41105 41104 41153 41154
37088 41106 41105 41154 41155
37089 41107 41106 41155 41156
37090 41108 41107 41156 41157
37091 41109 41108 41157 41158
37092 41110 41109 41158 41159
37093 41111 41110 41159 41160
37094 41112 41111 41160 41161
37095 41113 41112 41161 41162
37096 41114 41113 41162 41163
37097 41115 41114 41163 41164
37098 41116 41115 41164 41165
37099 41117 41116 41165 41143
37100 41030 41029 41061 41166
37101 41031 41030 41166 41167
37102 41032 41031 41167 41168
37103 41033 41032 41168 41062
37104 41035 41034 41084 41169
37105 41036 41035 41169 41170
37106 41037 41036 41170 41171
37107 41038 41037 41171 41039
37108 41063 41062 41168 41172
37109 41064 41063 41172 41173
37110 41065 41064 41173 41174
37111 41066 41065 41174 41175
37112 41067 41066 41175 41176
37113 41068 41067 41176 41177
37114 41069 41068 41177 41178
37115 41070 41069 41178 41179
37116 41071 41070 41179 41180
37117 41072 41071 41180 41181
37118 41073 41072 41181 41182
37119 41074 41073 41182 41183
37120 41075 41074 41183 41184
37121 41076 41075 41184 41185
37122 41077 41076 41185 41186
37123 41078 41077 41186 41187
37124 41079 41078 41187 41188
37125 41080 41079 41188 41189
37126 41081 41080 41189 41190
37127 41082 41081 41190 41191
37128 41083 41082 41191 41192
37129 41084 41083 41192 41169
37130 41040 41039 41171 41193
37131 41041 41040 41193 41194
37132 41042 41041 41194 41195
37133 41043 41042 41195 41189
37134 41044 41043 41189 41188
37135 41045 41044 41188 41187
37136 41046 41045 41187 41196
37137 41047 41046 41196 41197
37138 41048 41047 41197 41198
37139 41049 41048 41198 41199
37140 41050 41049 41199 41200
37141 41051 41050 41200 41201
37142 41052 41051 41201 41202
37143 41053 41052 41202 41203
37144 41054 41053 41203 41204
37145 41055 41054 41204 41205
37146 41056 41055 41205 41206
37147 41057 41056 41206 41207
37148 41058 41057 41207 41208
37149 41059 41058 41208 41209
37150 41060 41059 41209 41210
37151 41061 41060 41210 41166
37152 41119 41118 41144 41164
37153 41120 41119 41164 41163
37154 41121 41120 41163 41162
37155 41122 41121 41162 41211
37156 41123 41122 41211 41212
37157 41124 41123 41212 41213
37158 41125 41124 41213 41214
37159 41126 41125 41214 41215
37160 41127 41126 41215 41216
37161 41128 41127 41216 41217
37162 41129 41128 41217 41218
37163 41130 41129 41218 41219
37164 41131 41130 41219 41220
37165 41132 41131 41220 41221
37166 41133 41132 41221 41222
37167 41134 41133 41222 41223
37168 41135 41134 41223 41224
37169 41136 41135 41224 41225
37170 41137 41136 41225 41226
37171 41138 41137 41226 41227
37172 41139 41138 41227 41140
37173 41141 41140 41227 41226
37174 41142 41141 41226 41145
37175 41146 41145 41226 41225
37176 41167 41166 41210 41209
37177 41168 41167 41209 41172
37178 41147 41146 41225 41224
37179 41170 41169 41192 41228
37180 41171 41170 41228 41193
37181 41148 41147 41224 41223
37182 41194 41193 41228 41192
37183 41195 41194 41192 41191
37184 41149 41148 41223 41222
37185 41173 41172 41209 41208
37186 41150 41149 41222 41221
37187 41174 41173 41208 41207
37188 41151 41150 41221 41220
37189 41175 41174 41207 41206
37190 41151 41220 41219 41152
37191 41176 41175 41206 41205
37192 41152 41219 41218 41153
37193 41177 41176 41205 41204
37194 41154 41153 41218 41217
37195 41177 41204 41203 41178
37196 41154 41217 41216 41155
37197 41178 41203 41202 41179
37198 41155 41216 41215 41156
37199 41180 41179 41202 41201
37200 41157 41156 41215 41214
37201 41180 41201 41200 41181
37202 41157 41214 41213 41158
37203 41181 41200 41199 41182
37204 41158 41213 41212 41159
37205 41183 41182 41199 41198
37206 41160 41159 41212 41211
37207 41183 41198 41197 41184
37208 41160 41211 41162 41161
37209 41184 41197 41196 41185
37210 41165 41164 41144 41143
37211 41186 41185 41196 41187
37212 41190 41189 41195 41191
